100 486
1 2
1 8
5 11
8 12
15 2
15 9
1 16
16 6
6 18
18 9
18 11
19 3
7 19
19 11
19 15
1 20
21 7
22 12
23 11
24 10
24 11
6 26
9 26
26 11
2 27
27 16
27 25
29 2
29 4
29 8
23 29
30 4
30 21
9 31
31 22
31 26
32 1
32 16
27 32
10 33
11 33
15 33
33 26
1 34
34 20
34 27
34 33
35 2
16 35
35 24
30 35
35 31
35 32
1 36
36 12
34 36
1 37
4 37
10 37
37 11
37 22
37 35
11 38
39 4
39 7
39 17
21 39
39 33
7 40
40 33
2 41
25 41
41 30
41 35
38 41
7 42
10 42
13 42
25 42
35 42
40 42
8 43
10 43
43 15
43 20
43 30
44 2
6 44
11 44
13 44
45 33
37 45
41 45
35 46
13 47
25 47
47 36
47 43
21 48
24 48
46 48
16 49
22 49
26 49
49 29
34 49
50 15
50 48
26 51
32 51
43 51
4 52
52 10
22 52
52 43
1 53
53 11
53 51
54 17
54 24
30 54
42 54
7 55
8 55
55 15
16 55
29 55
30 55
39 55
3 56
56 9
12 56
28 56
33 56
39 56
14 57
57 32
57 33
40 57
57 54
58 7
58 9
10 58
20 58
58 22
58 43
58 52
59 1
59 18
19 59
59 22
59 36
24 60
60 31
45 60
46 60
9 61
30 61
4 62
62 12
62 20
26 62
62 29
62 47
62 50
51 62
59 62
63 9
63 11
33 63
63 46
48 63
63 51
58 63
64 7
15 64
64 19
64 39
40 64
64 58
65 8
9 65
13 65
65 42
65 55
65 63
7 66
66 14
66 30
66 31
66 33
66 49
7 67
67 24
67 29
67 32
33 67
67 34
67 35
67 47
54 67
67 63
65 67
10 68
68 13
21 68
27 68
37 68
68 50
68 66
23 69
42 69
5 70
70 21
34 70
51 70
70 58
71 4
71 53
71 57
11 72
26 72
72 28
72 55
72 64
73 3
73 33
73 34
41 73
73 46
1 74
16 74
74 43
62 74
75 17
75 56
21 76
76 27
76 53
76 54
76 58
76 62
76 70
21 77
77 26
77 33
40 77
77 63
77 69
10 78
78 13
78 24
37 78
78 73
12 79
41 79
79 52
59 79
8 80
16 80
31 80
80 50
53 80
80 62
80 79
16 81
81 17
81 27
81 35
42 81
46 81
56 81
63 81
81 78
79 81
82 11
14 82
82 22
82 30
82 66
82 70
73 82
82 77
82 78
2 83
4 83
83 14
83 25
45 83
83 54
57 83
83 71
84 1
16 84
84 21
24 84
84 27
45 84
48 84
84 51
64 84
85 5
85 7
85 11
85 28
43 85
85 45
85 48
85 75
86 12
86 18
86 41
43 86
55 86
86 71
81 86
11 87
87 19
20 87
87 28
87 43
60 87
85 87
86 87
88 4
6 88
18 88
88 23
88 33
37 88
72 88
3 89
5 89
89 14
21 89
31 89
89 35
89 38
57 89
89 72
77 89
90 2
90 4
90 16
90 21
22 90
26 90
27 90
90 28
62 90
90 64
90 82
6 91
91 7
14 91
24 91
91 26
38 91
47 91
48 91
51 91
53 91
91 80
91 88
92 5
12 92
14 92
92 21
92 25
27 92
36 92
92 43
92 47
92 48
92 64
78 92
92 86
93 4
12 93
93 19
93 22
25 93
26 93
32 93
46 93
93 61
93 79
87 93
88 93
90 93
93 91
94 5
18 94
20 94
34 94
94 51
94 61
66 94
82 94
95 5
8 95
95 26
35 95
95 54
72 95
95 76
94 95
96 2
4 96
7 96
12 96
36 96
46 96
96 48
59 96
96 87
97 13
25 97
31 97
97 41
43 97
97 52
59 97
97 60
97 61
97 93
14 98
19 98
20 98
98 48
59 98
72 98
98 78
79 98
91 98
98 93
99 6
99 18
19 99
25 99
99 66
67 99
99 68
77 99
85 99
95 99
5 100
6 100
7 100
100 9
100 10
100 13
25 100
100 27
100 28
100 31
36 100
43 100
100 45
100 48
100 50
100 52
100 53
54 100
100 58
61 100
100 62
63 100
100 65
100 69
70 100
100 71
100 72
73 100
100 75
100 77
100 78
81 100
82 100
84 100
86 100
88 100
100 92
94 100
95 100
96 100
