100 814
1 2
1 3
4 7
1 8
8 5
8 7
1 9
10 1
3 10
10 4
7 10
11 2
9 11
12 6
7 12
13 1
13 5
3 14
14 4
15 5
15 11
1 16
4 16
5 16
15 16
9 17
14 17
3 18
18 8
18 9
19 1
19 2
4 19
6 19
17 19
18 20
3 21
22 1
22 9
23 3
23 4
6 23
23 9
11 23
13 23
23 14
19 23
23 20
24 15
20 24
15 25
25 16
4 26
26 5
26 7
26 12
26 20
26 22
23 26
27 7
27 12
19 27
28 14
28 19
7 29
29 18
29 22
24 29
30 1
30 6
17 30
30 22
31 3
31 5
31 9
26 31
32 3
6 32
16 32
27 32
32 31
33 12
33 13
33 22
33 26
33 30
33 32
34 9
15 34
16 34
34 18
34 30
3 35
35 5
9 35
15 35
25 35
35 26
28 35
3 36
30 36
36 33
37 7
37 8
37 13
18 37
21 37
23 37
37 32
37 36
38 12
38 16
4 39
39 7
10 39
39 11
14 39
15 39
39 20
27 39
34 39
38 39
4 40
40 7
17 40
40 27
29 40
33 40
36 40
41 8
11 41
41 18
36 41
41 37
41 38
17 42
42 18
42 22
23 42
42 29
30 42
1 43
43 18
43 21
25 43
38 43
44 17
44 18
44 21
22 44
24 44
26 44
44 28
29 44
39 44
40 44
44 41
1 45
2 45
45 25
33 45
45 36
46 5
10 46
11 46
13 46
46 27
29 46
30 46
46 39
46 42
1 47
4 47
47 12
36 47
47 38
47 39
41 47
13 48
48 19
48 20
48 26
34 48
39 48
2 49
49 4
11 49
13 49
22 49
49 23
38 49
41 49
43 49
2 50
5 50
50 6
50 12
50 13
16 50
20 50
27 50
28 50
50 32
36 50
50 37
41 50
49 50
51 3
51 6
51 17
51 21
51 24
51 36
44 51
4 52
52 5
52 6
52 7
14 52
52 17
52 19
53 13
16 53
53 18
53 19
39 53
46 53
47 53
2 54
54 3
4 54
15 54
16 54
54 25
31 54
38 54
42 54
44 54
47 54
52 54
53 54
55 1
55 3
6 55
35 55
36 55
56 1
56 4
56 8
56 9
10 56
11 56
16 56
21 56
56 29
56 49
56 51
57 1
57 3
10 57
15 57
57 24
27 57
33 57
57 36
38 57
40 57
57 49
53 57
56 57
58 4
58 13
32 58
58 35
36 58
37 58
38 58
58 57
59 2
59 5
6 59
25 59
59 34
40 59
42 59
5 60
60 17
60 26
28 60
29 60
51 60
55 60
60 58
6 61
15 61
23 61
61 24
53 61
4 62
62 6
7 62
15 62
16 62
62 17
18 62
62 22
30 62
32 62
63 4
16 63
23 63
63 24
63 32
34 63
36 63
63 51
63 62
64 6
64 8
10 64
64 14
15 64
64 21
28 64
64 36
40 64
7 65
65 15
18 65
22 65
24 65
26 65
32 65
65 35
36 65
65 39
65 49
52 65
57 65
62 65
64 65
5 66
66 27
37 66
66 53
56 66
66 59
66 60
62 66
2 67
13 67
14 67
28 67
33 67
67 38
44 67
67 47
50 67
57 67
58 67
62 67
67 66
68 9
68 13
68 14
68 18
37 68
43 68
68 61
1 69
69 15
69 30
69 35
69 36
42 69
44 69
69 48
60 69
69 67
1 70
70 19
23 70
70 27
28 70
39 70
45 70
70 47
70 48
70 62
70 63
71 2
71 3
6 71
71 8
14 71
15 71
71 19
48 71
50 71
71 52
62 71
70 71
1 72
72 6
72 13
17 72
32 72
72 34
39 72
43 72
72 45
72 47
72 65
66 72
72 71
73 6
73 11
73 28
73 34
73 45
73 56
61 73
73 65
68 73
74 4
74 12
74 17
74 18
20 74
37 74
74 39
74 59
67 74
71 74
75 1
13 75
17 75
75 25
29 75
75 44
47 75
50 75
75 54
75 64
75 69
75 73
3 76
24 76
27 76
38 76
76 45
51 76
76 54
66 76
77 1
77 2
77 30
77 34
44 77
53 77
77 57
77 58
77 63
66 77
77 76
17 78
78 53
56 78
58 78
61 78
66 78
78 67
79 3
16 79
79 23
79 27
45 79
79 59
79 61
77 79
6 80
7 80
17 80
19 80
22 80
80 24
26 80
28 80
33 80
80 49
80 54
80 55
61 80
80 66
80 68
70 80
79 80
81 5
81 6
81 20
36 81
81 45
48 81
52 81
81 66
8 82
82 9
82 17
82 20
22 82
82 31
34 82
82 38
82 42
53 82
67 82
69 82
82 71
73 82
79 82
82 80
83 7
17 83
25 83
83 34
83 37
83 38
39 83
83 51
53 83
83 66
83 68
73 83
83 76
84 7
13 84
25 84
84 37
39 84
84 49
84 51
53 84
55 84
62 84
84 64
65 84
68 84
84 80
82 84
3 85
5 85
14 85
85 15
85 17
85 18
19 85
20 85
85 41
85 54
85 57
85 70
82 85
84 85
86 2
86 10
86 20
22 86
86 33
35 86
41 86
86 42
86 46
86 48
53 86
86 62
84 86
87 2
3 87
7 87
87 12
87 13
25 87
87 27
87 30
36 87
37 87
87 39
87 41
52 87
87 54
87 55
57 87
87 66
87 70
87 71
87 77
87 86
13 88
88 15
18 88
33 88
38 88
39 88
88 51
88 61
68 88
69 88
88 72
88 74
83 88
89 7
8 89
89 9
16 89
89 28
89 37
89 44
60 89
89 65
89 69
83 89
84 89
89 86
17 90
90 29
90 33
44 90
45 90
90 46
90 48
52 90
90 53
90 56
90 60
90 65
90 69
76 90
90 80
90 84
90 86
1 91
91 2
91 18
91 32
91 34
1 92
92 6
92 10
92 12
92 17
92 18
92 42
46 92
92 52
59 92
62 92
92 75
77 92
78 92
92 86
92 87
23 93
26 93
32 93
93 40
44 93
46 93
47 93
93 50
93 59
93 65
75 93
80 93
93 85
86 93
93 88
94 6
8 94
10 94
94 12
94 13
94 14
41 94
94 57
94 58
94 59
71 94
92 94
94 93
1 95
95 11
95 13
95 24
25 95
95 40
44 95
50 95
55 95
95 61
65 95
67 95
76 95
85 95
86 95
95 88
95 92
94 95
7 96
96 11
13 96
96 15
22 96
96 24
96 32
35 96
96 49
96 58
96 60
61 96
72 96
96 73
96 90
96 91
95 96
97 5
13 97
17 97
97 26
97 29
31 97
41 97
97 56
62 97
63 97
69 97
71 97
97 82
93 97
95 97
96 97
98 3
4 98
98 10
98 23
98 24
26 98
28 98
98 30
98 33
36 98
98 50
51 98
98 58
98 64
98 67
79 98
80 98
82 98
98 86
98 88
89 98
98 90
12 99
26 99
39 99
41 99
99 45
57 99
58 99
99 66
99 71
99 75
79 99
89 99
4 100
100 7
9 100
100 10
12 100
14 100
100 15
100 19
100 21
22 100
100 23
26 100
100 28
100 29
100 34
100 35
100 38
40 100
42 100
44 100
100 45
100 51
56 100
100 57
100 59
100 60
100 61
100 64
100 67
100 70
71 100
72 100
100 73
74 100
75 100
100 83
100 84
100 89
90 100
93 100
