100 151
22 3
24 3
10 27
29 19
1 31
24 31
27 31
32 11
31 33
36 15
37 13
37 17
11 39
21 41
43 26
43 40
44 1
46 29
47 37
4 48
48 27
25 49
50 34
38 51
53 9
54 31
42 55
57 15
13 59
59 46
31 61
11 63
63 54
57 64
66 7
66 8
66 28
30 66
16 67
67 41
68 67
69 6
10 69
32 69
70 18
72 25
32 73
73 44
56 73
73 62
38 74
75 61
74 75
24 76
76 55
71 77
78 57
27 79
80 21
80 54
81 22
81 30
1 83
83 8
70 83
83 73
76 84
4 85
85 13
85 22
85 28
86 47
86 48
87 56
82 88
91 3
14 92
20 92
41 92
92 54
93 18
93 40
93 53
93 57
71 93
23 94
64 95
76 95
78 96
9 97
43 97
45 97
98 40
64 98
70 98
99 9
99 15
99 67
99 85
100 1
100 3
100 6
100 7
9 100
11 100
13 100
100 14
15 100
100 16
17 100
19 100
20 100
22 100
100 23
100 24
100 26
100 32
100 33
100 34
36 100
37 100
100 39
100 40
100 41
42 100
100 43
45 100
100 48
100 49
100 50
100 51
62 100
100 64
100 68
69 100
70 100
100 72
100 73
100 77
79 100
82 100
84 100
100 85
87 100
88 100
100 91
100 93
94 100
96 100
97 100
98 100
