100 381
6 5
7 2
1 9
5 10
5 12
1 13
8 14
14 12
4 15
8 17
14 17
17 16
13 18
10 19
12 20
13 21
23 5
12 23
18 24
22 24
25 13
25 23
27 2
27 16
24 27
28 1
29 16
30 1
15 31
31 19
31 20
31 30
28 32
32 30
1 33
10 33
21 34
25 34
35 2
6 35
35 16
35 26
29 35
36 20
24 36
12 37
25 37
35 37
38 11
37 38
39 3
19 39
39 28
33 39
40 16
40 34
6 41
41 39
9 42
42 35
43 4
23 43
44 13
28 44
45 5
45 35
13 46
46 26
46 39
47 8
23 47
24 47
47 28
47 39
48 8
48 44
48 46
4 49
49 12
49 14
31 49
45 49
6 50
50 15
50 27
34 50
51 17
52 4
30 52
15 53
26 53
53 39
54 5
54 17
54 35
55 42
6 56
56 9
12 56
32 56
2 57
57 37
57 38
42 58
59 10
59 12
59 27
22 60
60 27
60 28
60 44
48 60
60 51
16 61
61 50
61 57
62 31
63 8
20 63
63 33
1 64
64 7
9 64
64 30
33 64
39 64
64 42
55 64
65 13
65 27
65 31
48 65
56 65
62 65
65 63
66 55
66 58
3 67
7 67
16 67
40 67
66 67
68 3
68 4
8 68
68 51
65 68
69 7
69 14
39 69
40 69
69 58
64 69
17 70
21 70
71 34
71 57
68 71
72 26
66 72
15 73
36 73
73 39
47 73
56 73
60 73
65 73
2 74
74 56
74 71
2 75
5 75
12 75
20 75
38 75
75 41
75 49
75 53
4 76
32 76
45 76
76 55
76 56
60 76
76 63
76 65
17 77
77 22
24 77
27 77
77 51
18 78
78 24
78 43
78 49
52 78
78 60
74 78
78 75
77 78
35 79
69 79
80 8
20 80
80 21
27 80
80 72
80 79
9 81
26 81
81 45
81 66
82 6
82 20
82 31
82 42
54 82
58 82
66 82
4 83
83 10
46 83
83 53
18 84
26 84
38 84
84 40
84 47
85 1
58 85
85 62
77 85
7 86
86 12
23 86
25 86
41 86
45 86
86 71
26 87
43 87
45 87
61 87
82 87
87 86
88 1
88 6
88 11
88 16
17 88
88 64
84 88
88 86
89 3
89 22
89 26
89 39
89 44
68 89
35 90
90 43
90 70
90 72
21 91
32 91
56 91
91 76
77 91
92 3
92 9
17 92
21 92
92 27
92 47
84 92
88 92
93 27
36 93
38 93
51 93
69 93
93 71
93 77
93 81
94 1
94 28
94 40
94 54
64 94
94 71
75 94
10 95
54 95
95 64
66 95
95 69
95 85
93 95
96 8
33 96
51 96
96 57
96 67
96 69
74 96
91 96
97 14
97 16
97 18
97 38
51 97
97 57
97 89
98 8
29 98
98 44
49 98
72 98
98 79
99 9
99 38
86 99
97 99
1 100
3 100
100 4
5 100
100 6
100 7
8 100
9 100
13 100
100 15
16 100
100 17
100 18
100 19
20 100
100 24
25 100
27 100
28 100
100 29
30 100
32 100
34 100
100 35
37 100
43 100
100 45
46 100
48 100
50 100
51 100
52 100
53 100
100 56
57 100
100 58
59 100
60 100
62 100
100 63
100 66
100 68
100 70
100 71
72 100
73 100
74 100
76 100
100 77
100 78
81 100
100 84
100 85
100 88
100 89
93 100
94 100
100 95
