100 693
3 2
5 2
5 3
7 1
8 7
9 1
2 9
10 4
7 10
8 10
11 6
13 3
7 14
15 7
15 14
2 16
16 4
16 6
14 16
16 15
6 17
18 1
18 5
19 5
20 5
6 20
20 14
18 20
4 21
21 9
4 22
22 5
22 13
23 4
23 5
23 9
18 23
1 24
4 24
24 6
8 24
12 24
24 13
25 4
25 8
12 25
25 15
21 25
14 26
26 15
26 16
2 27
28 5
28 9
28 21
22 28
28 23
24 28
12 29
29 19
29 22
30 4
6 30
18 30
21 30
30 26
31 9
17 31
18 31
31 28
32 2
32 4
32 8
32 9
32 16
22 32
32 24
33 6
33 19
20 33
33 30
34 22
34 30
5 35
6 35
35 10
35 26
30 35
32 35
35 33
36 2
36 3
36 8
11 36
36 13
37 10
37 11
37 25
37 27
31 37
32 37
7 38
13 38
38 22
7 39
13 39
33 39
39 36
1 40
5 40
13 40
40 22
23 40
40 26
37 40
2 41
41 10
18 41
29 41
1 42
6 42
42 13
39 42
3 43
43 4
43 8
13 43
18 43
43 23
34 43
44 2
44 3
13 44
44 27
44 31
44 32
44 41
45 6
8 45
21 45
45 28
45 33
2 46
20 46
41 46
47 1
32 47
47 35
48 11
48 13
48 19
48 21
48 23
48 38
11 49
14 49
49 20
49 30
32 49
34 49
41 49
49 45
46 49
12 50
14 50
15 50
50 28
31 50
39 50
40 50
51 2
51 5
7 51
51 13
31 51
42 51
47 51
48 51
52 10
11 52
16 52
17 52
52 22
53 6
15 53
53 17
22 53
23 53
28 53
39 53
54 9
54 10
54 15
18 54
22 54
54 23
25 54
54 28
42 54
54 47
54 48
54 49
50 54
1 55
27 55
31 55
55 38
43 55
52 55
56 15
24 56
43 56
47 56
52 56
56 55
57 1
57 7
10 57
57 11
12 57
57 19
57 22
44 57
54 57
58 9
20 58
28 58
30 58
58 39
49 58
58 53
56 58
59 4
9 59
59 17
59 22
36 59
59 58
60 3
60 7
60 27
30 60
60 38
60 48
3 61
15 61
22 61
24 61
61 29
61 32
61 48
61 52
61 53
61 57
7 62
62 12
62 13
21 62
62 23
26 62
62 34
35 62
62 39
62 57
18 63
63 21
63 34
35 63
39 63
64 21
64 26
27 64
45 64
64 47
63 64
1 65
65 8
65 11
20 65
34 65
65 36
39 65
65 48
8 66
18 66
66 43
66 46
66 50
53 66
60 66
15 67
67 18
37 67
67 49
67 50
67 57
67 58
59 67
8 68
16 68
31 68
36 68
40 68
68 49
54 68
68 61
8 69
23 69
69 28
69 29
69 33
34 69
36 69
69 53
69 64
67 69
2 70
70 7
13 70
20 70
70 21
70 26
70 29
70 33
70 36
70 37
70 47
58 70
70 66
71 11
14 71
41 71
47 71
56 71
71 59
72 2
10 72
13 72
18 72
72 24
27 72
72 28
34 72
42 72
72 43
72 53
72 55
72 57
72 62
63 72
9 73
11 73
73 37
41 73
73 53
73 61
65 73
73 68
74 1
74 11
21 74
35 74
74 42
46 74
74 64
67 74
75 9
11 75
16 75
75 20
27 75
36 75
38 75
75 53
55 75
56 75
18 76
76 22
27 76
28 76
30 76
39 76
76 40
76 45
49 76
53 76
62 76
77 3
13 77
26 77
77 30
77 32
77 35
49 77
54 77
55 77
77 64
65 77
68 77
77 70
78 14
78 18
19 78
78 24
78 36
78 51
56 78
59 78
14 79
15 79
79 22
79 25
26 79
27 79
36 79
39 79
58 79
67 79
80 12
20 80
80 22
29 80
80 32
80 48
65 80
80 71
80 72
81 16
19 81
81 20
32 81
52 81
81 53
81 56
64 81
79 81
16 82
82 18
42 82
82 47
82 51
82 80
15 83
83 23
30 83
83 42
83 55
62 83
68 83
71 83
75 83
83 82
84 2
84 3
5 84
84 6
17 84
19 84
20 84
84 22
84 25
39 84
48 84
58 84
72 84
9 85
85 17
85 19
85 25
85 26
85 39
85 44
85 53
55 85
85 63
85 68
85 79
86 5
6 86
86 9
86 10
86 15
86 17
86 20
86 33
40 86
46 86
56 86
69 86
86 72
82 86
86 85
5 87
87 7
24 87
87 32
36 87
44 87
87 45
50 87
51 87
52 87
54 87
61 87
87 63
74 87
78 87
87 79
87 84
88 18
88 20
88 37
46 88
88 58
88 59
88 70
71 88
88 72
88 73
88 83
15 89
16 89
89 37
38 89
43 89
89 44
53 89
59 89
89 60
89 81
89 83
90 7
30 90
90 34
39 90
90 53
55 90
57 90
90 65
78 90
86 90
91 9
10 91
91 16
19 91
20 91
91 29
45 91
91 46
49 91
69 91
70 91
73 91
77 91
81 91
91 83
91 86
92 1
92 8
92 16
92 31
92 37
92 55
92 56
57 92
70 92
74 92
92 79
82 92
6 93
93 10
93 17
93 36
64 93
74 93
93 89
93 90
11 94
94 14
41 94
57 94
94 61
65 94
94 67
94 75
95 1
95 22
49 95
61 95
95 62
95 82
83 95
87 95
90 95
1 96
8 96
96 11
96 14
18 96
20 96
96 32
96 34
38 96
41 96
96 49
96 52
96 60
68 96
96 78
96 86
87 96
91 96
1 97
15 97
16 97
20 97
25 97
34 97
97 40
97 41
82 97
97 85
97 88
95 97
98 1
98 6
8 98
98 11
25 98
98 32
98 34
98 46
51 98
98 52
98 59
98 62
71 98
98 81
98 92
2 99
4 99
9 99
18 99
99 23
99 32
99 52
99 68
71 99
72 99
83 99
89 99
2 100
100 6
100 8
100 10
11 100
100 12
17 100
100 18
20 100
100 24
28 100
100 29
30 100
31 100
34 100
100 37
38 100
100 44
100 48
100 50
100 52
100 53
100 54
56 100
60 100
61 100
100 62
63 100
100 64
100 65
70 100
71 100
74 100
100 76
78 100
100 82
83 100
100 87
100 89
91 100
92 100
100 98
