100 821
1 6
6 7
9 1
6 9
8 9
2 10
3 10
10 5
8 11
10 11
3 13
13 5
10 13
1 14
7 14
11 14
16 14
2 17
1 18
19 4
5 19
19 11
19 14
16 19
2 20
5 20
9 20
20 14
20 18
7 21
21 11
12 21
4 22
8 22
11 22
13 22
22 18
11 23
23 12
14 23
18 23
21 23
13 24
24 15
25 11
15 25
25 22
10 26
26 11
16 26
27 1
2 27
3 27
19 27
27 23
27 24
28 1
28 8
28 12
19 28
20 28
17 29
22 29
23 29
30 4
30 6
12 30
23 31
24 31
25 31
31 27
32 1
32 10
32 11
17 32
23 32
29 32
33 1
6 33
33 18
33 20
22 33
33 25
27 33
34 3
9 34
22 34
25 34
2 35
35 5
35 7
16 35
23 35
35 24
35 27
35 32
2 36
7 36
14 36
16 36
36 18
36 20
36 23
27 36
28 36
6 37
10 37
13 37
37 16
25 37
27 37
37 35
36 37
10 38
38 12
14 38
15 38
38 17
19 38
38 22
38 24
39 9
15 39
27 39
37 39
4 40
40 5
18 40
26 40
40 28
29 40
40 37
1 41
6 41
41 12
14 41
27 41
41 31
33 41
41 34
38 41
4 42
11 42
13 42
42 14
16 42
19 42
29 42
42 30
33 42
35 42
37 42
1 43
43 4
43 12
13 43
14 43
43 27
1 44
2 44
44 6
8 44
11 44
44 16
19 44
6 45
8 45
45 10
45 13
16 45
45 18
45 25
45 30
32 45
45 36
41 45
45 43
9 46
22 46
23 46
25 46
47 3
47 5
14 47
16 47
17 47
19 47
47 21
47 26
27 47
47 28
29 47
47 32
47 35
47 45
47 46
48 1
48 9
23 48
38 48
41 48
43 48
49 8
49 9
15 49
16 49
49 20
28 49
49 31
49 33
39 49
14 50
18 50
50 22
50 23
36 50
50 37
50 40
41 50
47 50
2 51
51 11
51 22
25 51
32 51
39 51
51 45
51 49
52 9
12 52
52 17
52 19
52 20
31 52
40 52
52 45
48 52
50 52
51 52
2 53
53 5
13 53
53 22
53 31
53 35
39 53
45 53
54 1
11 54
12 54
15 54
25 54
54 27
32 54
54 49
55 10
55 26
55 31
37 55
55 46
55 47
49 55
55 54
2 56
6 56
7 56
10 56
13 56
15 56
16 56
26 56
56 49
3 57
57 7
16 57
57 18
34 57
40 57
57 43
51 57
55 57
3 58
58 9
58 10
18 58
58 33
36 58
58 41
51 58
58 55
57 58
59 5
6 59
59 12
59 36
38 59
59 42
1 60
9 60
60 20
41 60
60 46
60 56
61 1
61 4
61 5
7 61
61 9
61 30
61 35
39 61
41 61
49 61
61 59
9 62
11 62
62 14
62 21
62 33
34 62
40 62
41 62
24 63
63 38
39 63
63 42
63 48
58 63
63 59
63 62
7 64
8 64
64 14
17 64
24 64
38 64
41 64
47 64
63 64
15 65
16 65
22 65
23 65
65 26
65 28
65 37
65 47
48 65
50 65
58 65
65 61
2 66
66 4
7 66
8 66
66 10
66 11
66 19
66 20
66 21
66 22
66 30
66 35
66 38
41 66
66 45
66 47
52 66
53 66
58 66
10 67
11 67
19 67
67 25
67 50
67 64
67 66
68 2
8 68
68 19
68 24
27 68
29 68
68 31
33 68
68 42
48 68
51 68
68 52
67 68
69 6
7 69
69 8
9 69
69 17
69 24
69 26
36 69
69 40
57 69
69 59
70 4
10 70
25 70
70 29
38 70
70 45
66 70
1 71
71 8
71 14
71 28
32 71
71 36
44 71
45 71
51 71
71 65
72 2
5 72
6 72
15 72
72 29
39 72
72 51
72 59
60 72
8 73
73 10
11 73
73 13
73 17
18 73
73 19
73 22
73 27
29 73
73 46
59 73
67 73
73 69
74 19
23 74
36 74
39 74
74 51
74 54
74 61
63 74
74 67
75 3
75 5
15 75
75 20
21 75
23 75
75 29
30 75
34 75
75 61
65 75
75 67
76 1
11 76
23 76
76 24
37 76
42 76
52 76
76 54
76 65
66 76
67 76
76 68
2 77
3 77
13 77
19 77
22 77
37 77
77 43
44 77
77 52
77 68
77 69
77 76
4 78
19 78
27 78
29 78
78 30
34 78
70 78
79 10
79 11
15 79
79 16
17 79
20 79
79 26
79 28
38 79
79 43
79 53
55 79
79 77
1 80
7 80
80 24
80 27
80 31
80 39
51 80
80 73
81 20
29 81
81 31
81 40
81 44
81 46
48 81
81 50
81 57
69 81
4 82
10 82
82 20
82 27
82 34
42 82
82 57
60 82
82 61
62 82
82 63
68 82
1 83
13 83
18 83
19 83
83 26
83 31
83 36
83 50
52 83
66 83
74 83
3 84
84 17
28 84
29 84
84 31
56 84
84 59
67 84
77 84
78 84
80 84
16 85
85 22
85 27
39 85
40 85
85 50
85 57
66 85
68 85
85 73
76 85
81 85
3 86
86 4
86 17
20 86
86 22
86 26
40 86
46 86
86 49
59 86
69 86
3 87
87 14
87 27
30 87
87 31
33 87
87 35
87 37
87 42
43 87
87 44
48 87
51 87
87 59
87 66
87 79
87 86
88 8
16 88
19 88
88 21
88 22
88 25
88 38
41 88
63 88
88 66
88 68
70 88
73 88
88 79
88 83
7 89
12 89
89 16
17 89
37 89
89 39
45 89
89 50
52 89
89 59
71 89
89 74
89 78
89 83
90 4
90 24
29 90
35 90
90 38
52 90
90 54
59 90
64 90
90 66
90 72
90 75
90 76
79 90
90 86
87 90
5 91
91 13
91 19
91 21
23 91
27 91
91 30
31 91
91 32
43 91
53 91
91 54
55 91
91 56
91 58
91 74
83 91
92 1
92 4
92 6
92 12
15 92
92 22
92 23
26 92
30 92
36 92
92 37
92 46
53 92
92 61
62 92
66 92
67 92
92 79
3 93
8 93
12 93
35 93
38 93
93 41
93 50
93 64
93 74
93 84
1 94
94 4
5 94
94 8
94 26
30 94
36 94
37 94
41 94
94 43
48 94
94 52
94 53
56 94
94 79
80 94
82 94
86 94
87 94
95 5
95 11
95 12
95 31
40 95
95 48
52 95
56 95
59 95
95 65
84 95
85 95
87 95
90 95
92 95
93 95
96 8
96 17
96 28
48 96
96 55
96 68
96 75
76 96
88 96
5 97
97 10
97 13
19 97
97 27
97 41
49 97
97 56
58 97
67 97
97 79
97 82
97 85
97 86
98 5
98 6
8 98
98 19
25 98
98 43
98 51
98 80
95 98
1 99
2 99
4 99
99 7
99 11
99 17
23 99
99 27
99 55
99 60
99 61
99 64
78 99
99 82
84 99
99 90
2 100
3 100
5 100
6 100
9 100
100 17
100 18
100 20
100 23
24 100
100 25
30 100
31 100
100 32
100 35
100 38
42 100
43 100
44 100
46 100
48 100
50 100
53 100
100 54
100 56
100 58
100 59
60 100
100 61
62 100
64 100
100 67
68 100
100 69
70 100
100 71
73 100
100 74
79 100
80 100
100 81
100 82
86 100
91 100
92 100
93 100
94 100
100 95
96 100
98 100
