100 247
5 10
4 11
14 6
6 15
7 17
5 18
18 6
18 11
21 5
3 22
22 7
22 19
10 23
1 24
24 18
30 4
32 1
32 10
22 32
2 33
7 33
33 12
34 2
13 34
34 32
35 4
18 35
29 35
36 1
18 37
30 37
38 9
39 15
37 39
41 5
43 39
7 44
17 45
32 45
46 31
45 46
49 4
5 49
49 19
8 51
51 29
49 52
26 53
12 54
54 18
54 27
54 38
43 54
44 54
54 47
12 55
45 55
14 56
56 32
34 57
31 58
58 49
59 58
2 60
61 58
62 14
30 62
62 31
42 62
43 62
11 63
12 63
63 13
63 21
64 24
57 64
64 61
65 13
22 65
65 31
56 65
14 66
33 66
2 67
67 4
43 67
68 14
68 20
36 68
68 53
6 69
69 25
6 70
19 70
70 22
71 24
71 32
36 71
71 60
36 72
72 44
62 72
68 72
72 70
22 73
73 72
74 13
74 36
38 74
43 74
54 74
57 74
75 13
75 17
54 75
76 11
13 76
76 21
76 64
39 77
77 43
78 23
21 79
79 75
79 77
80 17
80 22
63 80
6 81
81 7
81 27
53 81
81 73
82 15
82 26
72 82
29 83
30 83
46 83
83 49
83 59
83 69
84 47
64 84
24 85
64 85
85 80
2 86
86 3
86 52
86 74
83 87
88 34
52 88
89 10
89 21
89 71
89 74
16 90
49 90
9 91
91 13
51 91
91 56
66 91
1 92
92 21
27 92
93 27
80 93
93 86
94 28
30 94
94 33
58 94
94 72
87 94
95 6
23 95
53 95
77 95
79 95
95 93
52 96
97 35
42 97
43 97
97 57
65 97
97 66
69 97
98 7
18 98
57 98
98 96
26 99
27 99
29 99
99 85
2 100
4 100
5 100
100 6
100 8
100 13
100 14
15 100
100 16
19 100
100 20
23 100
24 100
25 100
100 26
27 100
28 100
100 30
32 100
33 100
100 34
36 100
100 37
100 38
100 41
100 43
100 44
100 46
100 49
51 100
100 54
100 57
58 100
100 63
65 100
67 100
100 68
100 71
73 100
78 100
80 100
81 100
82 100
100 83
86 100
91 100
92 100
100 97
