100 485
6 5
1 8
8 2
8 4
9 1
13 1
13 11
14 2
15 1
6 15
17 15
18 5
9 19
19 13
21 4
21 7
21 14
22 3
12 22
20 24
19 25
26 1
27 6
27 10
27 16
6 28
10 28
14 28
29 3
8 29
14 29
29 20
30 7
10 30
16 30
19 30
31 7
16 31
31 21
22 31
1 32
32 14
33 8
29 33
34 23
34 25
11 35
16 35
35 23
26 35
35 29
35 31
7 37
38 6
38 15
39 23
39 25
39 31
1 40
2 40
3 40
5 40
8 40
38 40
6 41
41 38
42 16
41 43
4 44
9 44
44 12
44 18
44 26
45 5
8 45
45 16
17 45
45 22
39 45
14 46
25 46
46 34
47 2
5 47
8 47
47 32
47 46
41 48
18 49
49 20
49 25
48 49
50 11
50 15
50 37
50 40
46 50
49 50
6 51
11 51
51 17
51 32
51 43
50 51
4 52
52 11
52 25
47 52
52 48
53 12
16 53
53 31
44 53
9 54
54 16
19 54
23 54
34 54
54 35
55 3
19 55
56 3
19 56
30 56
31 56
56 35
8 57
18 58
38 58
39 58
58 42
58 53
59 9
29 59
48 59
54 59
60 20
45 60
59 60
61 7
10 61
21 61
36 61
61 38
61 49
61 52
62 31
36 62
62 37
62 43
63 17
29 63
63 32
63 34
63 36
63 50
57 63
63 60
64 1
2 64
64 40
64 43
45 64
64 62
11 65
17 65
21 65
65 33
38 65
65 44
46 65
52 65
56 65
61 65
66 4
66 33
66 40
45 66
66 54
62 66
67 14
67 17
67 27
67 37
38 67
67 39
52 67
54 67
38 68
68 48
29 69
48 69
52 69
3 70
4 70
8 70
70 24
36 70
38 70
5 71
71 7
9 71
71 18
27 71
70 71
10 72
24 72
72 26
35 72
68 72
73 15
18 73
21 73
31 73
73 45
4 74
6 74
8 74
10 74
11 74
12 74
74 14
74 20
22 74
74 55
2 75
75 19
75 22
75 25
55 75
59 75
76 3
76 16
40 76
76 42
76 44
58 76
62 76
77 6
11 77
28 77
77 29
48 77
77 50
4 78
10 78
78 36
57 78
63 78
68 78
79 2
79 16
79 33
79 36
39 79
79 40
79 42
53 79
79 55
67 79
80 3
8 80
80 9
12 80
20 80
80 35
58 80
80 77
81 2
81 14
30 81
81 50
81 56
81 59
81 76
82 6
26 82
82 27
82 28
82 48
50 82
82 65
82 78
79 82
83 8
83 54
83 59
83 62
83 73
83 75
83 78
84 11
84 13
14 84
25 84
33 84
84 42
51 84
84 54
84 56
84 60
84 69
72 84
84 76
84 79
85 21
25 85
70 85
86 5
16 86
19 86
27 86
86 69
77 86
81 86
6 87
39 87
87 44
87 74
88 2
5 88
88 17
88 23
88 33
38 88
88 42
88 45
88 64
66 88
88 68
89 7
89 30
33 89
39 89
41 89
89 49
58 89
89 62
89 67
89 68
89 70
89 78
90 2
90 12
90 15
21 90
90 22
36 90
90 42
44 90
90 45
52 90
69 90
81 90
82 90
91 14
91 28
29 91
91 42
45 91
69 91
91 90
1 92
92 39
92 43
55 92
92 64
92 69
74 92
89 92
93 3
7 93
93 10
93 15
93 18
93 27
93 31
33 93
93 41
55 93
63 93
93 80
91 93
64 94
4 95
12 95
40 95
95 77
10 96
96 37
96 62
96 63
76 96
96 79
87 96
96 90
97 9
97 14
41 97
42 97
97 54
60 97
97 69
97 87
97 93
2 98
4 98
98 9
30 98
98 43
98 56
98 58
98 67
99 8
99 16
27 99
99 40
99 44
52 99
71 99
72 99
99 80
96 99
100 1
2 100
3 100
100 6
9 100
100 10
11 100
12 100
17 100
100 18
100 19
100 21
22 100
23 100
100 24
100 25
100 26
27 100
100 29
100 31
32 100
100 33
34 100
100 36
100 37
100 38
100 40
100 41
100 42
100 44
45 100
49 100
50 100
100 51
52 100
100 55
56 100
57 100
100 58
100 63
100 64
100 65
100 66
67 100
69 100
100 70
100 71
100 72
75 100
77 100
100 78
79 100
100 81
83 100
85 100
100 86
88 100
100 89
90 100
94 100
100 96
97 100
