100 797
8 4
6 8
9 2
4 9
9 6
10 7
11 5
7 11
11 10
8 12
6 13
14 1
9 14
5 15
10 15
11 15
15 14
2 16
17 4
17 5
10 17
12 17
14 17
7 18
17 18
12 19
19 14
19 15
19 16
18 19
20 10
11 20
3 21
21 6
16 21
21 20
22 7
22 15
16 22
23 1
23 6
19 23
23 22
3 24
4 24
24 7
10 24
11 24
17 24
25 4
25 10
25 11
25 15
25 18
25 19
2 26
6 26
8 26
26 19
10 27
11 27
27 17
28 2
10 28
28 12
28 15
28 23
26 28
29 3
6 29
29 15
29 16
29 24
30 8
30 17
30 26
31 10
31 12
31 17
29 31
32 15
19 32
32 26
32 31
33 7
14 33
18 33
33 30
23 34
34 29
35 2
35 6
35 11
29 35
35 33
20 36
36 22
2 37
6 37
18 37
37 20
30 37
32 37
38 3
9 38
38 17
22 38
9 39
11 39
39 19
39 20
39 32
36 39
40 5
7 40
40 12
40 14
40 16
40 23
25 40
40 32
34 40
39 40
41 6
41 8
10 41
12 41
17 41
41 20
41 37
14 42
23 42
42 32
42 35
2 43
43 4
15 43
43 22
42 43
3 44
44 5
44 7
44 12
44 23
41 44
45 1
45 7
14 45
45 20
25 45
38 45
46 1
4 46
8 46
46 31
46 34
37 46
40 46
46 45
13 47
17 47
22 47
47 26
47 30
38 47
39 47
47 46
8 48
48 13
48 21
36 48
5 49
49 17
22 49
35 49
49 37
44 49
47 49
8 50
50 9
50 13
15 50
19 50
26 50
31 50
50 36
43 50
50 46
51 11
51 17
24 51
51 38
44 51
52 22
52 25
52 27
30 52
38 52
41 52
43 52
49 52
53 21
22 53
53 29
32 53
41 53
47 53
53 50
6 54
54 14
16 54
54 29
54 34
54 39
48 54
54 51
54 52
53 54
55 5
13 55
55 17
55 18
19 55
23 55
55 49
56 4
5 56
9 56
56 10
23 56
31 56
56 41
43 56
56 47
53 56
4 57
9 57
57 29
33 57
35 57
42 57
57 55
3 58
6 58
58 7
9 58
58 14
58 25
42 58
58 47
58 49
56 58
59 4
59 5
59 13
59 32
59 43
59 55
57 59
60 3
60 4
9 60
60 14
60 25
34 60
37 60
60 38
60 39
48 60
60 49
60 56
3 61
15 61
61 25
61 26
38 61
61 44
61 49
2 62
62 3
62 9
16 62
62 20
62 31
63 12
63 20
22 63
63 26
63 27
30 63
63 33
38 63
63 45
49 63
63 55
63 56
64 15
27 64
31 64
39 64
64 40
41 64
64 44
64 55
64 57
64 61
3 65
65 6
65 7
12 65
65 17
41 65
66 3
14 66
66 23
66 27
35 66
66 36
39 66
40 66
47 66
48 66
49 66
66 53
59 66
67 2
67 8
67 14
15 67
16 67
23 67
24 67
67 26
28 67
67 36
37 67
41 67
48 67
67 58
68 18
20 68
68 21
68 24
31 68
68 56
58 68
69 3
5 69
8 69
14 69
16 69
27 69
29 69
33 69
69 51
53 69
59 69
61 69
70 3
6 70
9 70
11 70
34 70
48 70
70 58
66 70
12 71
20 71
21 71
71 42
71 44
64 71
71 67
1 72
72 7
72 14
72 24
29 72
72 32
72 33
36 72
72 42
72 53
72 60
7 73
73 20
73 22
24 73
73 26
30 73
73 51
54 73
67 73
70 73
7 74
74 14
74 22
74 37
38 74
48 74
74 49
54 74
74 55
61 74
74 67
74 69
72 74
75 3
7 75
75 17
75 33
75 35
42 75
75 47
75 51
53 75
75 59
63 75
64 75
66 75
75 71
72 75
76 4
76 6
76 8
76 10
76 18
20 76
76 24
29 76
53 76
68 76
76 70
72 76
75 76
3 77
77 4
77 7
11 77
77 12
20 77
22 77
36 77
37 77
77 43
48 77
50 77
77 60
63 77
64 77
67 77
69 77
76 77
78 2
5 78
7 78
9 78
78 10
16 78
78 17
28 78
78 33
78 39
47 78
78 49
78 50
59 78
78 63
78 67
69 78
75 78
12 79
25 79
79 27
53 79
79 55
79 60
73 79
74 79
12 80
15 80
80 18
80 19
21 80
24 80
80 27
36 80
41 80
45 80
49 80
80 52
80 56
80 62
80 65
78 80
80 79
30 81
81 36
38 81
42 81
45 81
81 46
57 81
81 58
62 81
81 68
1 82
5 82
82 23
25 82
27 82
29 82
82 32
82 35
82 48
82 50
60 82
82 61
75 82
80 82
21 83
24 83
33 83
41 83
83 43
60 83
61 83
83 62
83 70
83 71
74 83
80 83
84 3
84 5
16 84
84 19
21 84
22 84
84 23
84 25
84 29
36 84
84 47
84 51
61 84
74 84
84 79
84 82
1 85
9 85
85 13
25 85
85 33
85 34
85 36
45 85
85 53
55 85
57 85
85 64
72 85
85 73
76 85
85 79
9 86
86 10
23 86
30 86
34 86
50 86
51 86
86 52
86 57
69 86
79 86
81 86
82 86
83 86
86 84
87 2
87 16
87 35
37 87
87 41
56 87
57 87
87 58
60 87
87 74
10 88
19 88
22 88
88 27
32 88
33 88
47 88
88 50
88 52
54 88
58 88
88 59
63 88
88 66
88 74
87 88
89 30
89 33
38 89
89 45
89 47
89 50
61 89
65 89
71 89
89 78
87 89
88 89
14 90
15 90
17 90
90 19
90 23
90 24
26 90
90 34
52 90
90 53
81 90
87 90
88 90
91 3
91 10
91 15
91 53
91 58
68 91
78 91
91 80
91 87
92 2
92 4
92 12
92 30
31 92
92 33
36 92
41 92
92 47
92 48
49 92
92 59
67 92
69 92
92 70
73 92
10 93
18 93
23 93
93 50
93 57
77 93
82 93
93 83
86 93
92 93
17 94
94 23
94 29
94 48
53 94
69 94
71 94
90 94
92 94
95 3
8 95
13 95
95 17
95 29
95 33
37 95
95 40
45 95
48 95
53 95
54 95
55 95
95 62
66 95
70 95
95 78
95 79
81 95
82 95
1 96
5 96
96 21
96 23
96 27
96 41
52 96
62 96
96 67
96 78
96 88
96 89
96 95
97 1
97 13
18 97
20 97
35 97
42 97
44 97
97 47
97 51
52 97
55 97
58 97
60 97
68 97
73 97
77 97
86 97
98 2
4 98
98 12
98 14
98 16
23 98
32 98
35 98
38 98
39 98
54 98
98 55
98 60
67 98
98 73
76 98
98 78
98 90
98 95
99 3
7 99
99 17
26 99
27 99
51 99
99 60
99 96
1 100
2 100
100 3
4 100
100 6
8 100
11 100
13 100
100 14
17 100
22 100
23 100
26 100
100 30
100 33
100 37
38 100
100 41
100 43
100 45
46 100
100 48
100 51
100 52
54 100
100 55
100 59
60 100
62 100
66 100
68 100
100 70
100 71
100 72
100 73
79 100
100 81
100 84
86 100
100 88
89 100
90 100
91 100
100 94
100 97
100 98
