100 919
3 2
6 2
1 9
10 8
2 11
4 11
12 2
11 12
13 8
9 13
14 1
14 2
3 14
6 14
14 13
2 15
15 4
15 9
16 9
16 14
3 17
4 17
12 17
13 17
18 2
18 4
18 8
9 19
13 19
15 19
8 20
9 20
20 13
21 2
21 4
7 21
16 21
21 18
22 3
4 22
22 9
22 17
2 23
5 23
23 12
15 23
24 1
5 24
24 7
12 24
25 3
11 25
25 14
12 26
26 13
3 27
7 27
27 8
27 14
24 27
4 28
6 28
17 28
23 28
25 28
28 27
11 29
29 15
29 22
1 30
6 30
11 30
30 18
30 19
30 21
30 24
30 25
31 4
31 15
31 17
31 21
25 31
29 31
31 30
13 32
22 32
32 27
30 32
31 32
33 3
11 33
13 33
15 33
19 33
33 22
24 33
5 34
34 7
34 13
27 34
34 30
35 17
35 25
7 36
14 36
15 36
20 36
36 25
36 31
37 3
37 26
29 37
37 32
21 38
38 25
29 38
38 30
38 36
39 2
7 39
39 8
19 39
39 22
25 39
36 39
40 5
40 15
20 40
40 24
25 40
40 27
34 40
41 1
5 41
9 41
41 16
23 41
41 26
33 41
35 41
40 41
3 42
4 42
42 12
42 15
23 42
42 28
30 42
42 39
42 41
43 1
43 3
43 6
9 43
43 10
20 43
43 22
24 43
25 43
43 26
43 27
44 6
44 7
24 44
37 44
39 44
44 40
44 41
43 44
11 45
45 19
23 45
29 45
45 32
45 37
7 46
46 14
46 32
46 41
46 45
47 1
47 38
40 47
47 42
48 2
5 48
9 48
48 16
24 48
7 49
49 8
49 11
15 49
19 49
22 49
49 26
49 30
50 1
50 3
50 11
50 12
13 50
50 15
18 50
24 50
35 50
49 50
51 12
51 18
51 24
38 51
44 51
45 51
50 51
8 52
52 10
52 14
20 52
21 52
45 52
52 50
4 53
18 53
53 20
26 53
53 37
53 38
53 41
53 48
7 54
54 8
54 10
54 13
14 54
54 20
54 39
41 54
54 46
6 55
55 13
16 55
26 55
55 32
36 55
55 41
55 45
55 47
50 55
55 51
55 54
3 56
56 5
56 20
22 56
25 56
56 27
56 34
42 56
56 46
56 52
57 1
57 4
57 5
6 57
11 57
57 17
57 20
57 30
57 31
33 57
46 57
56 57
1 58
58 7
58 25
26 58
58 27
34 58
38 58
44 58
48 58
49 58
58 51
55 58
2 59
16 59
59 17
59 19
59 22
59 23
59 28
59 34
59 39
50 59
59 56
60 1
60 10
24 60
32 60
38 60
60 39
60 47
4 61
61 16
17 61
20 61
61 23
30 61
61 33
61 38
39 61
40 61
42 61
45 61
48 61
50 61
59 61
60 61
62 16
17 62
19 62
62 23
62 24
25 62
29 62
31 62
62 32
33 62
43 62
47 62
53 62
54 62
62 55
62 57
59 62
62 60
63 13
63 20
63 28
29 63
30 63
31 63
33 63
35 63
63 40
51 63
60 63
64 2
17 64
25 64
64 34
64 35
46 64
64 49
64 50
54 64
5 65
10 65
65 15
20 65
65 25
65 30
65 33
34 65
46 65
58 65
59 65
66 3
66 5
66 11
19 66
47 66
66 48
53 66
54 66
66 62
1 67
67 23
67 27
29 67
67 38
67 39
67 42
67 49
54 67
55 67
67 62
68 5
68 10
13 68
25 68
38 68
68 39
40 68
68 41
57 68
60 68
69 2
69 5
69 14
20 69
69 21
69 22
69 23
24 69
27 69
69 30
32 69
40 69
69 41
44 69
52 69
56 69
58 69
65 69
66 69
14 70
70 23
25 70
70 27
53 70
70 65
71 8
22 71
25 71
71 33
71 34
43 71
71 49
71 50
71 63
66 71
68 71
5 72
6 72
7 72
72 10
72 16
17 72
19 72
72 25
27 72
72 33
72 34
37 72
38 72
39 72
43 72
72 44
72 56
72 57
58 72
64 72
2 73
8 73
73 11
73 15
20 73
24 73
73 35
73 41
42 73
58 73
73 60
1 74
74 11
74 19
20 74
23 74
74 24
74 26
74 31
74 35
45 74
74 56
60 74
74 65
72 74
74 73
1 75
75 2
6 75
8 75
75 29
75 39
40 75
75 42
44 75
75 52
75 58
63 75
67 75
70 75
75 71
8 76
76 11
12 76
76 19
76 21
22 76
76 23
76 32
76 38
43 76
48 76
76 52
58 76
59 76
65 76
66 76
67 76
68 76
76 72
76 75
1 77
3 77
77 4
77 5
77 8
10 77
13 77
16 77
77 21
77 29
77 30
77 43
44 77
77 54
60 77
77 71
3 78
78 6
78 9
16 78
23 78
38 78
53 78
54 78
55 78
78 65
74 78
79 3
4 79
79 7
8 79
79 9
79 14
17 79
36 79
43 79
79 52
79 53
79 55
69 79
75 79
2 80
7 80
80 17
32 80
80 33
40 80
80 64
72 80
74 80
81 5
81 12
81 15
81 45
81 53
66 81
81 79
82 6
82 8
82 12
13 82
82 17
82 25
35 82
82 48
82 58
82 59
62 82
66 82
81 82
83 1
83 3
83 4
10 83
18 83
29 83
42 83
83 44
48 83
52 83
57 83
65 83
83 66
83 76
83 81
84 1
3 84
84 8
14 84
84 15
84 17
19 84
25 84
84 39
84 43
59 84
84 60
84 73
84 82
85 1
85 5
13 85
85 26
27 85
85 28
85 32
85 33
85 37
85 47
85 57
85 59
63 85
75 85
77 85
85 79
80 85
86 1
86 16
86 20
23 86
24 86
86 36
86 46
55 86
57 86
58 86
86 64
86 65
86 71
86 78
10 87
87 22
26 87
87 27
87 32
35 87
87 36
87 41
47 87
87 48
87 51
87 56
58 87
72 87
76 87
87 77
87 78
87 81
86 87
11 88
19 88
88 28
34 88
35 88
88 56
88 61
88 71
88 75
79 88
81 88
82 88
89 7
89 21
24 89
89 26
89 28
32 89
33 89
89 39
89 40
89 43
89 44
89 49
50 89
89 57
89 68
73 89
78 89
80 89
81 89
90 7
8 90
9 90
16 90
90 19
90 26
90 36
90 60
61 90
90 63
66 90
90 74
76 90
77 90
85 90
86 90
88 90
91 8
11 91
91 13
14 91
16 91
34 91
91 36
91 39
40 91
42 91
91 47
61 91
91 70
91 80
91 81
83 91
88 91
92 2
92 10
92 11
14 92
22 92
31 92
43 92
48 92
92 51
92 59
62 92
70 92
92 79
81 92
92 82
2 93
25 93
93 37
39 93
51 93
57 93
93 63
93 67
93 72
93 74
90 93
9 94
10 94
16 94
26 94
28 94
94 30
94 35
94 41
54 94
94 56
58 94
60 94
61 94
64 94
72 94
73 94
77 94
94 81
86 94
94 88
94 90
95 1
12 95
95 14
95 15
95 16
17 95
24 95
95 31
95 34
95 37
38 95
95 42
95 44
95 46
95 50
55 95
95 60
62 95
95 76
77 95
79 95
85 95
90 95
95 91
95 93
96 3
96 7
10 96
96 14
96 20
96 22
23 96
36 96
96 42
96 43
46 96
68 96
70 96
80 96
96 81
89 96
96 92
96 95
5 97
7 97
8 97
97 9
97 11
97 19
97 26
97 47
52 97
97 54
97 65
97 66
69 97
71 97
97 76
97 83
97 84
93 97
94 97
8 98
98 11
98 12
16 98
17 98
20 98
23 98
98 28
34 98
98 37
51 98
61 98
98 67
98 70
79 98
85 98
98 92
5 99
7 99
8 99
99 13
27 99
99 28
32 99
99 47
51 99
56 99
61 99
75 99
87 99
88 99
99 91
95 99
97 99
100 2
100 3
100 4
7 100
9 100
18 100
21 100
24 100
27 100
28 100
29 100
100 30
31 100
34 100
100 36
38 100
39 100
100 42
44 100
45 100
100 46
100 47
50 100
100 51
55 100
56 100
100 59
62 100
100 64
65 100
66 100
100 67
69 100
70 100
73 100
100 74
100 76
77 100
100 80
100 83
100 84
100 86
100 91
100 92
100 93
100 95
100 98
99 100
