100 225
5 10
8 14
18 14
9 19
20 6
21 5
6 22
25 17
4 26
17 26
30 4
30 17
31 18
34 11
33 34
30 37
3 38
38 16
4 39
39 36
40 4
12 41
42 24
42 44
45 21
46 3
46 7
32 47
49 17
20 49
49 36
5 50
33 50
51 50
2 52
8 53
53 19
21 53
54 39
54 44
55 44
9 56
56 11
57 2
57 6
57 11
57 14
21 57
57 50
58 1
58 56
4 59
59 7
34 60
8 61
61 15
61 25
10 62
4 65
65 13
29 65
42 65
6 66
66 7
66 9
36 66
41 66
67 16
24 67
37 67
67 64
51 68
69 13
9 70
41 70
70 49
38 71
46 71
71 53
4 72
17 72
72 44
56 72
2 73
73 44
73 52
74 5
10 74
17 74
43 74
67 74
74 70
75 14
47 75
63 75
76 18
76 42
5 77
14 77
47 77
77 59
78 12
78 30
74 78
79 55
79 77
21 80
26 80
80 51
9 81
81 11
81 47
26 82
83 57
61 83
23 84
34 84
84 76
4 85
43 85
46 85
83 85
86 4
86 79
87 75
35 88
60 88
83 88
89 32
89 46
50 89
54 89
89 66
72 89
81 89
90 42
60 90
90 61
79 90
17 91
91 56
79 91
91 84
92 64
93 10
93 17
93 66
93 74
5 94
94 65
16 95
95 27
33 95
95 56
96 4
96 21
96 56
96 66
1 97
97 13
2 98
4 98
54 98
98 85
99 21
99 77
99 90
94 99
99 96
4 100
7 100
100 8
9 100
13 100
100 14
15 100
100 16
100 18
21 100
22 100
100 23
100 27
29 100
100 31
100 33
35 100
100 36
100 38
100 39
40 100
100 41
42 100
44 100
100 45
100 46
100 50
100 51
100 56
100 57
100 59
60 100
100 61
100 62
100 63
65 100
100 67
100 68
100 69
71 100
72 100
73 100
76 100
78 100
79 100
100 80
100 82
85 100
100 87
88 100
89 100
90 100
92 100
100 94
100 96
100 99
