100 443
1 2
1 5
7 2
7 3
8 11
5 14
12 15
16 5
1 17
11 17
13 17
19 17
20 10
10 22
22 17
24 14
4 25
10 25
17 25
26 3
26 16
20 26
27 2
27 18
20 28
2 29
29 11
1 30
30 4
14 30
5 31
31 16
26 31
32 14
32 28
33 1
12 33
2 34
7 34
12 34
35 2
35 28
15 36
36 28
34 36
37 5
11 37
23 37
2 38
15 38
38 17
38 21
38 26
39 3
14 39
24 39
5 40
40 23
4 41
41 17
34 41
42 7
42 9
42 40
43 5
6 43
23 43
30 43
43 31
18 44
19 44
45 16
45 18
28 45
45 29
45 35
46 4
8 46
46 16
46 38
1 47
17 47
19 48
22 48
24 48
43 48
7 49
49 9
18 49
37 49
48 49
11 50
50 23
51 11
51 17
51 48
5 52
23 52
24 52
45 52
52 48
49 52
4 53
53 13
53 30
31 53
53 32
53 33
53 39
43 53
54 36
48 54
54 52
3 55
55 14
55 32
36 55
5 56
57 1
30 57
35 57
38 57
57 41
51 57
2 58
10 58
13 58
25 58
58 49
9 59
59 14
59 22
59 26
44 59
51 59
53 59
59 54
60 36
39 60
43 60
60 52
61 17
62 14
26 62
62 35
43 62
63 7
63 39
60 63
64 10
64 39
64 44
32 65
39 65
65 42
46 65
65 52
66 4
14 66
66 16
66 17
66 35
66 40
53 66
66 61
67 23
25 67
67 40
67 43
67 63
67 64
67 66
68 12
28 68
68 30
33 68
68 36
69 1
4 69
69 8
12 69
69 31
69 34
69 67
70 8
70 13
17 70
70 36
40 70
70 45
70 56
60 70
4 71
71 18
25 71
34 71
71 44
53 71
71 57
71 60
71 63
72 51
73 6
33 73
74 18
23 74
40 74
57 74
17 75
75 24
25 75
28 75
30 75
32 75
60 75
75 67
7 76
26 76
30 76
76 60
71 76
5 77
77 6
17 77
77 22
23 77
77 27
35 77
48 77
78 47
56 78
78 59
78 61
4 79
79 14
37 79
79 44
79 78
80 20
52 80
80 78
81 14
30 81
81 44
81 55
62 81
66 81
82 10
18 82
27 82
82 32
47 82
82 54
82 66
82 67
82 71
73 82
82 78
83 2
14 83
23 83
83 43
55 83
77 83
83 78
8 84
27 84
84 33
38 84
84 47
84 48
84 81
82 84
85 4
85 13
31 85
85 46
51 85
85 55
61 85
85 78
3 86
7 86
34 86
54 86
86 71
86 72
86 78
87 29
48 87
87 79
2 88
88 12
88 15
19 88
23 88
88 29
33 88
36 88
88 40
88 47
88 48
56 88
88 63
77 88
5 89
89 7
28 89
89 45
89 60
73 89
90 3
90 10
90 60
90 64
84 90
90 88
1 91
91 6
18 91
19 91
52 91
91 59
60 91
91 75
76 91
8 92
92 13
92 15
20 92
92 28
92 32
36 92
44 92
82 92
92 86
87 92
4 93
15 93
93 21
93 50
93 58
59 93
75 93
93 77
93 80
16 94
49 94
68 94
94 73
94 90
1 95
95 3
95 6
95 21
95 53
95 68
71 95
95 79
95 81
95 89
96 6
19 96
26 96
39 96
96 42
96 51
60 96
97 7
22 97
97 30
62 97
97 65
83 97
95 97
98 3
10 98
98 14
22 98
26 98
98 35
98 36
98 37
56 98
58 98
61 98
70 98
98 71
99 20
99 24
45 99
65 99
99 89
100 4
100 5
100 9
14 100
16 100
100 17
100 21
100 22
100 25
100 27
28 100
100 29
30 100
100 31
33 100
100 36
39 100
42 100
43 100
45 100
100 50
52 100
100 55
100 56
58 100
59 100
100 60
100 61
100 64
100 65
100 66
68 100
100 69
100 70
100 73
77 100
79 100
82 100
100 84
100 88
90 100
100 91
100 92
93 100
94 100
95 100
100 96
100 97
100 98
100 99
