100 773
1 2
3 6
8 5
6 10
7 10
2 11
3 11
11 5
7 11
12 3
12 11
14 2
15 5
16 1
14 16
16 15
12 17
18 16
3 19
17 19
20 1
2 20
20 6
20 11
21 12
15 22
10 23
23 18
19 23
22 23
24 5
24 10
24 12
24 15
2 25
10 25
25 24
26 1
26 5
26 7
19 26
26 20
3 27
27 22
28 6
8 28
11 28
16 28
28 17
28 23
29 15
29 25
2 30
8 30
10 30
30 27
29 30
31 1
31 11
31 13
29 31
6 32
11 32
32 15
21 32
22 32
33 1
7 33
33 11
17 33
24 33
34 1
34 4
6 34
34 17
27 34
2 35
6 35
24 35
35 32
36 14
36 16
36 32
33 36
36 34
37 7
37 9
22 37
13 38
38 23
38 27
38 29
34 38
36 38
39 2
6 39
39 7
18 39
39 22
27 39
39 29
40 9
40 10
17 40
40 21
32 40
40 34
6 41
10 41
41 12
17 41
41 21
25 41
41 31
3 42
42 6
42 10
43 5
43 12
43 13
43 17
24 43
43 34
43 38
44 4
44 7
44 14
18 44
44 25
44 26
44 28
44 32
44 34
44 37
38 44
40 44
4 45
5 45
13 45
45 24
29 45
34 45
37 45
39 45
40 45
11 46
46 13
46 27
29 46
34 46
39 46
41 46
47 22
47 30
47 33
43 47
5 48
9 48
48 10
48 11
48 34
37 48
48 40
45 48
47 48
49 3
49 26
27 49
28 49
49 39
49 46
50 1
4 50
50 10
11 50
13 50
16 50
50 19
50 24
50 27
50 31
35 50
43 50
47 50
8 51
16 51
51 32
51 48
52 2
5 52
52 14
52 21
22 52
23 52
52 35
52 48
35 53
38 53
53 46
1 54
5 54
8 54
54 15
54 18
54 22
33 54
49 54
54 53
3 55
6 55
7 55
55 22
24 55
55 28
29 55
55 34
39 55
55 42
55 44
56 2
56 12
14 56
18 56
27 56
48 56
56 55
10 57
28 57
38 57
57 55
6 58
58 21
23 58
58 25
29 58
58 32
58 34
45 58
58 55
59 2
10 59
11 59
31 59
41 59
42 59
59 47
8 60
10 60
60 13
60 19
60 28
60 40
60 44
60 59
7 61
61 11
13 61
24 61
44 61
61 60
1 62
2 62
8 62
62 14
62 21
62 25
29 62
62 40
41 62
55 62
61 62
2 63
63 4
63 5
63 6
15 63
63 17
20 63
63 22
63 23
63 32
63 37
43 63
63 49
63 61
64 2
5 64
64 10
64 11
64 31
64 39
64 43
64 56
64 59
11 65
65 12
65 26
38 65
65 45
65 46
65 48
54 65
65 55
65 61
7 66
10 66
66 18
66 24
66 31
66 35
66 38
66 42
66 46
62 66
64 66
67 6
16 67
67 25
31 67
67 34
38 67
67 47
67 49
59 67
68 2
5 68
8 68
11 68
16 68
19 68
68 38
56 68
68 60
62 68
68 64
69 1
3 69
8 69
11 69
12 69
13 69
24 69
31 69
35 69
69 48
69 58
61 69
17 70
19 70
70 25
29 70
70 30
70 38
70 53
3 71
71 26
71 32
39 71
71 41
71 43
44 71
54 71
60 71
64 71
69 71
3 72
7 72
72 15
17 72
36 72
72 42
46 72
49 72
57 72
72 68
73 1
5 73
18 73
19 73
26 73
30 73
73 36
52 73
66 73
2 74
74 3
7 74
18 74
33 74
74 36
53 74
57 74
65 74
66 74
69 74
6 75
11 75
75 23
33 75
48 75
51 75
60 75
61 75
75 67
16 76
24 76
76 26
27 76
31 76
76 34
38 76
46 76
76 47
51 76
76 70
9 77
31 77
33 77
35 77
77 39
77 44
77 46
58 77
77 61
67 77
20 78
78 28
33 78
38 78
42 78
53 78
66 78
78 68
1 79
79 2
3 79
79 5
8 79
79 18
20 79
79 24
27 79
34 79
79 45
79 47
49 79
79 56
79 62
63 79
79 70
79 77
5 80
80 6
9 80
25 80
80 28
80 31
80 38
43 80
80 44
80 56
80 67
75 80
77 80
81 1
81 8
9 81
81 13
81 20
26 81
81 37
81 40
81 44
81 58
81 60
81 61
62 81
68 81
81 74
12 82
19 82
20 82
30 82
82 41
45 82
82 46
49 82
52 82
53 82
54 82
82 56
62 82
82 65
83 1
83 3
6 83
83 7
21 83
83 39
83 46
83 47
83 54
58 83
83 62
71 83
75 83
7 84
84 8
84 14
84 17
84 18
84 20
84 38
84 44
57 84
61 84
84 62
84 64
84 78
83 84
85 10
15 85
18 85
22 85
28 85
29 85
38 85
41 85
43 85
85 51
65 85
85 67
85 68
85 71
2 86
86 5
15 86
86 16
19 86
86 25
86 27
86 32
38 86
43 86
48 86
86 55
75 86
86 80
87 12
87 13
22 87
87 25
29 87
32 87
34 87
87 35
42 87
87 43
49 87
87 54
87 68
75 87
77 87
83 87
87 86
1 88
5 88
88 6
24 88
42 88
46 88
88 56
88 62
88 74
81 88
89 7
89 13
14 89
89 19
89 27
89 36
89 50
56 89
64 89
66 89
69 89
89 84
6 90
21 90
90 30
37 90
52 90
90 56
90 58
59 90
90 61
69 90
90 86
1 91
91 5
10 91
25 91
91 27
43 91
91 53
91 65
91 78
91 90
7 92
92 11
13 92
27 92
92 29
92 34
92 43
92 49
92 51
54 92
92 64
65 92
92 80
92 84
93 12
93 20
24 93
30 93
39 93
93 46
93 51
93 64
65 93
78 93
93 86
88 93
94 4
13 94
15 94
18 94
23 94
27 94
94 32
94 39
50 94
55 94
61 94
94 66
67 94
94 71
72 94
94 88
95 2
3 95
95 6
9 95
11 95
95 14
95 16
95 18
95 45
95 47
95 54
62 95
95 66
67 95
95 73
95 74
95 84
90 95
2 96
96 6
96 38
44 96
45 96
96 52
54 96
56 96
96 59
96 63
96 65
96 83
18 97
97 20
97 27
29 97
97 33
97 36
42 97
97 44
97 46
47 97
97 66
68 97
97 85
97 87
89 97
97 93
9 98
98 10
98 13
98 21
98 24
25 98
98 29
40 98
43 98
98 56
57 98
81 98
86 98
87 98
98 93
98 97
8 99
99 37
39 99
44 99
99 54
82 99
99 93
99 94
99 97
100 1
100 3
100 5
100 6
100 8
10 100
100 12
100 13
16 100
18 100
20 100
100 22
100 23
100 24
25 100
29 100
100 30
33 100
35 100
36 100
40 100
100 41
100 42
100 43
100 44
100 46
100 47
50 100
51 100
53 100
100 56
60 100
65 100
67 100
100 68
100 70
100 72
75 100
76 100
77 100
100 78
100 80
100 81
82 100
100 84
85 100
87 100
89 100
100 90
93 100
100 94
99 100
