100 93
26 18
30 10
38 1
39 23
42 20
43 40
35 45
46 7
35 48
52 11
4 55
55 24
56 26
56 45
2 57
14 61
49 61
13 65
10 68
59 69
71 9
57 71
71 66
70 72
75 32
76 34
9 77
21 81
47 81
80 82
15 83
58 83
71 83
44 85
86 31
88 31
39 88
89 85
32 91
91 92
33 93
39 93
93 47
94 26
97 64
100 1
2 100
4 100
100 7
100 11
13 100
14 100
100 15
100 18
100 20
100 21
23 100
100 24
100 26
30 100
100 33
34 100
38 100
39 100
40 100
100 42
100 43
44 100
46 100
100 48
49 100
100 52
58 100
100 59
100 64
100 65
66 100
100 68
100 69
100 70
72 100
75 100
100 76
77 100
100 80
82 100
83 100
86 100
100 89
92 100
93 100
100 94
100 97
