100 423
9 1
10 8
11 10
12 6
13 2
13 11
6 15
16 4
12 16
17 11
18 5
18 15
19 1
18 19
21 19
5 22
19 24
6 25
1 26
26 3
26 22
26 25
12 27
14 28
13 29
30 19
2 31
14 32
31 32
33 3
33 13
15 33
33 24
30 33
3 35
4 35
5 35
35 6
35 11
35 23
1 36
10 36
36 13
19 36
29 36
9 37
37 20
37 34
38 4
38 16
38 17
21 38
38 28
39 5
12 39
39 26
8 40
40 36
4 41
6 41
26 41
37 41
40 41
42 6
18 42
42 41
13 43
30 43
43 33
43 39
40 44
44 41
45 2
3 45
45 7
9 45
14 45
20 45
45 22
45 32
5 46
17 46
37 46
46 39
15 47
16 48
25 48
3 49
9 49
49 11
31 49
49 39
50 17
19 50
51 27
10 52
52 29
52 45
53 18
53 27
53 28
53 32
54 4
54 5
54 26
54 31
55 22
24 55
52 55
56 6
14 56
22 56
56 29
56 32
56 46
56 52
17 57
33 57
57 43
57 49
4 59
59 10
27 59
59 41
59 46
59 58
12 60
19 60
29 60
60 30
60 36
60 51
60 55
61 6
61 19
61 23
61 25
61 37
54 61
61 56
59 61
11 62
16 62
22 62
31 62
62 48
56 62
63 31
33 63
62 63
3 64
17 64
39 64
53 64
64 60
65 32
41 65
16 66
18 66
66 19
66 22
66 26
66 32
42 66
43 66
66 52
54 66
67 6
8 67
18 67
24 67
67 42
67 54
5 68
20 68
68 40
41 68
68 45
68 52
54 68
68 64
12 69
13 69
69 19
69 38
69 61
69 66
70 1
70 10
36 70
38 70
70 49
64 70
71 9
15 71
23 71
48 71
71 52
72 10
22 72
28 72
29 72
72 40
53 72
57 72
64 72
73 6
73 9
73 31
73 36
73 53
73 60
1 74
6 74
27 74
74 66
75 22
75 59
75 69
76 40
76 62
64 76
69 76
72 76
77 5
77 38
41 77
44 77
77 52
78 6
78 27
78 58
67 78
77 78
45 79
79 58
80 6
80 10
80 18
80 28
3 81
8 81
81 11
25 81
81 27
42 81
81 52
81 59
81 70
82 8
21 82
82 37
82 40
41 82
72 82
83 16
34 83
47 83
63 83
2 84
17 84
84 36
42 84
84 45
84 54
76 84
84 78
9 85
85 13
85 32
46 85
85 48
64 85
85 82
3 86
7 86
16 86
86 33
74 86
86 77
87 18
50 87
54 87
58 87
65 87
73 87
87 77
88 31
88 40
66 88
88 68
70 88
77 88
89 11
89 14
89 29
89 43
48 89
59 89
69 89
90 3
4 90
8 90
90 10
90 29
90 34
40 90
57 90
90 63
16 91
91 26
91 32
67 91
21 92
42 92
92 50
92 73
83 92
10 93
21 93
30 93
48 93
93 53
93 56
67 93
93 70
78 93
84 93
85 93
92 93
13 94
94 16
33 94
94 41
49 94
94 53
61 94
79 94
95 2
95 14
33 95
95 67
95 88
23 96
96 27
58 96
64 96
66 96
71 96
96 86
89 96
14 97
20 97
25 97
53 97
97 60
77 97
97 89
97 96
98 15
98 23
98 45
98 56
98 76
98 90
98 95
99 18
19 99
99 25
99 42
63 99
71 99
82 99
100 2
100 3
4 100
6 100
100 9
13 100
100 14
17 100
21 100
100 22
23 100
100 25
100 26
28 100
100 30
32 100
100 33
100 34
37 100
39 100
41 100
100 42
100 43
100 44
100 45
46 100
100 48
56 100
58 100
64 100
65 100
100 68
100 69
100 70
100 71
100 74
100 75
76 100
78 100
100 79
81 100
100 83
100 84
86 100
100 87
100 88
89 100
96 100
100 98
100 99
