100 543
1 5
5 2
2 8
1 10
7 10
9 11
6 12
13 5
13 8
14 12
4 15
15 14
16 2
16 13
1 17
17 2
2 18
18 16
19 12
21 7
21 8
22 4
12 22
22 15
22 16
18 22
22 20
23 3
11 24
24 21
6 25
26 1
6 26
26 10
26 20
28 10
28 15
28 16
18 28
1 29
4 29
29 10
16 29
20 29
29 21
30 1
30 12
32 12
17 32
16 33
34 7
11 34
34 15
34 19
28 34
4 35
22 35
24 35
36 3
12 36
36 18
36 20
36 22
37 20
37 24
38 10
38 12
15 39
16 39
39 17
39 23
40 3
40 15
21 40
37 40
40 39
10 41
30 41
41 31
42 1
7 42
42 14
42 25
42 35
42 39
22 43
43 25
29 43
34 43
44 3
11 44
24 44
44 32
44 35
45 6
27 45
32 45
46 2
8 46
46 14
15 46
18 46
1 47
16 47
47 17
18 47
47 20
47 21
47 24
45 47
48 5
48 12
48 21
21 49
22 49
24 49
27 49
49 33
35 49
42 49
50 10
50 16
26 50
50 30
32 50
51 10
30 51
31 51
51 34
35 51
52 11
12 52
52 18
24 52
52 26
52 27
52 29
52 50
2 53
4 53
53 26
53 32
54 20
54 25
54 41
44 54
50 54
6 55
17 55
55 32
55 33
55 35
55 38
55 43
55 51
55 52
5 56
8 56
14 56
56 30
52 56
54 56
8 57
57 31
42 57
58 14
58 16
31 58
39 58
58 50
58 52
9 59
17 59
59 22
59 34
59 42
59 48
59 55
60 1
7 60
60 28
60 44
49 60
4 61
5 61
12 61
61 23
61 26
61 30
61 37
6 62
12 62
62 15
31 62
62 34
37 62
62 39
48 62
62 57
63 10
63 19
63 25
38 63
63 39
46 63
47 63
63 51
54 63
64 6
13 64
64 18
64 22
64 31
64 34
39 64
41 64
37 65
38 65
52 65
65 58
9 66
17 66
66 31
40 66
66 42
66 45
53 66
66 58
67 2
67 10
67 15
67 29
67 49
68 7
68 13
68 18
68 27
35 68
68 36
44 68
68 60
68 62
69 30
45 69
53 69
70 1
70 4
16 70
70 44
70 45
70 58
60 70
71 2
71 14
71 19
71 22
26 71
71 29
42 71
71 43
4 72
41 72
43 72
67 72
72 71
73 3
73 16
51 73
53 73
73 59
73 63
73 70
15 74
74 19
34 74
74 40
44 74
2 75
7 75
75 8
12 75
19 75
21 75
75 32
33 75
45 75
56 75
75 65
76 11
76 12
76 13
76 20
33 76
46 76
57 76
63 76
76 70
75 76
22 77
35 77
77 46
77 49
77 55
77 66
77 76
3 78
78 4
78 35
78 47
52 78
53 78
78 61
63 78
6 79
79 11
33 79
79 34
64 79
79 65
67 79
69 79
80 6
12 80
80 14
24 80
80 36
71 80
81 3
81 7
81 15
81 25
56 81
81 57
81 77
82 14
28 82
82 41
45 82
82 67
82 73
83 4
83 19
83 20
83 23
83 26
42 83
45 83
83 51
53 83
83 58
66 83
83 68
1 84
84 10
17 84
84 29
31 84
84 66
84 71
74 84
1 85
2 85
85 5
85 12
44 85
85 50
52 85
85 54
60 85
85 64
75 85
84 85
4 86
86 33
86 35
86 46
86 57
86 63
86 71
76 86
87 4
87 14
87 15
87 16
21 87
87 25
87 26
27 87
87 40
66 87
74 87
1 88
88 4
10 88
41 88
88 45
57 88
88 62
63 88
65 88
88 66
67 88
88 69
88 72
80 88
89 2
14 89
27 89
33 89
38 89
48 89
56 89
89 72
89 73
83 89
21 90
90 24
90 25
32 90
90 35
43 90
90 69
1 91
5 91
91 28
48 91
91 50
58 91
59 91
91 83
91 86
92 27
28 92
92 31
49 92
92 52
65 92
92 88
93 5
93 22
36 93
93 37
39 93
93 49
50 93
68 93
72 93
93 80
92 93
94 28
94 37
94 43
52 94
94 55
71 94
95 1
95 5
14 95
29 95
95 64
95 68
73 95
84 95
21 96
31 96
96 55
96 63
96 72
74 96
97 35
97 41
97 53
97 63
97 66
97 72
73 97
98 2
31 98
98 39
62 98
98 75
76 98
82 98
6 99
99 7
99 35
43 99
99 50
52 99
99 57
62 99
99 80
92 99
1 100
100 2
3 100
100 4
100 7
100 8
100 9
10 100
11 100
15 100
100 17
100 19
100 20
22 100
26 100
27 100
100 31
100 32
35 100
100 41
44 100
100 45
46 100
48 100
51 100
52 100
55 100
56 100
100 57
100 58
100 59
62 100
100 64
67 100
100 70
100 71
100 73
76 100
80 100
81 100
100 82
100 86
100 87
100 88
90 100
91 100
100 92
100 93
97 100
98 100
