100 863
2 3
4 5
2 6
7 3
7 5
2 8
8 6
4 9
9 7
10 2
11 7
12 3
12 8
13 2
14 1
14 2
3 14
10 14
14 11
1 15
3 15
15 4
5 15
8 15
9 15
11 15
15 13
1 16
16 5
16 7
16 8
15 16
17 5
17 9
17 10
13 17
15 17
18 6
18 7
18 9
18 12
18 13
16 18
3 19
6 19
19 10
12 19
20 1
20 9
20 14
20 17
7 21
21 14
15 21
18 21
3 22
22 11
22 15
18 22
1 23
24 6
10 24
24 17
24 22
26 17
26 22
1 27
27 4
6 27
27 16
27 17
20 27
28 6
7 28
28 9
28 15
28 24
26 28
29 9
12 29
29 21
25 29
7 30
30 24
25 30
31 3
13 31
31 14
19 31
31 25
32 1
32 2
32 5
8 32
32 14
31 32
33 2
33 7
33 9
33 10
12 33
33 14
33 24
33 26
33 30
31 33
32 33
4 34
16 34
18 34
34 20
34 22
23 34
30 34
34 32
35 3
35 10
35 11
14 35
35 16
19 35
35 20
23 35
25 35
35 31
33 35
35 34
7 36
36 8
36 10
12 36
18 36
36 21
36 27
36 28
36 33
4 37
7 37
9 37
16 37
22 37
30 37
37 35
38 2
6 38
16 38
17 38
18 38
27 38
31 38
1 39
39 7
12 39
2 40
40 17
21 40
41 2
41 3
41 5
41 7
41 16
22 41
24 41
41 32
33 41
42 3
9 42
42 17
42 19
43 2
43 9
18 43
43 23
26 43
34 43
43 35
44 9
10 44
23 44
26 44
44 41
3 45
5 45
45 9
29 45
30 45
45 32
39 45
41 45
46 20
46 31
39 46
46 41
47 12
15 47
47 17
22 47
25 47
29 47
30 47
31 47
34 47
47 36
43 47
46 47
21 48
48 23
26 48
29 48
31 48
33 48
4 49
13 49
17 49
23 49
49 25
27 49
28 49
49 39
49 40
43 49
49 47
21 50
50 27
44 50
50 48
51 32
42 51
51 50
52 37
42 52
53 5
53 8
30 53
53 38
44 53
53 47
53 48
2 54
9 54
54 10
54 11
14 54
18 54
54 25
54 26
54 27
54 30
33 54
34 54
54 51
52 54
55 9
55 17
28 55
55 40
45 55
48 55
55 50
54 55
13 56
56 17
24 56
56 25
56 29
30 56
35 56
39 56
50 56
51 56
4 57
57 5
57 8
57 15
24 57
32 57
36 57
40 57
57 41
42 57
57 51
58 7
17 58
23 58
58 25
38 58
58 46
58 57
59 9
12 59
59 17
18 59
27 59
40 59
47 59
53 59
60 2
60 4
60 5
60 12
60 21
60 40
41 60
60 42
60 50
60 54
55 60
3 61
61 6
61 24
61 35
61 36
61 38
39 61
43 61
61 47
51 61
61 54
58 61
62 9
18 62
28 62
34 62
62 40
43 62
62 55
57 62
63 4
63 11
63 17
63 19
22 63
28 63
63 33
36 63
37 63
63 38
63 39
63 40
45 63
63 57
4 64
8 64
29 64
64 32
36 64
64 44
64 47
64 62
64 63
65 2
65 4
22 65
39 65
65 48
4 66
66 12
66 17
66 22
33 66
37 66
66 51
64 66
13 67
67 23
26 67
67 34
37 67
67 43
51 67
53 67
56 67
67 66
68 8
10 68
68 23
68 26
68 30
32 68
68 33
35 68
68 42
68 51
56 68
57 68
68 59
69 5
69 7
11 69
69 15
69 18
69 22
69 25
35 69
69 44
69 47
52 69
69 67
2 70
70 6
70 10
19 70
23 70
24 70
70 47
51 70
70 52
70 58
66 70
2 71
71 5
71 12
71 13
71 15
71 17
27 71
40 71
53 71
54 71
58 71
61 71
72 8
72 16
72 20
72 24
25 72
38 72
72 48
50 72
57 72
67 72
68 72
73 1
73 2
4 73
13 73
14 73
19 73
73 25
26 73
33 73
73 34
73 36
73 41
43 73
55 73
61 73
62 73
73 72
8 74
74 23
74 25
35 74
74 37
53 74
58 74
74 64
74 72
73 74
75 3
4 75
75 8
75 11
26 75
27 75
38 75
75 48
75 51
75 52
75 61
75 66
67 75
72 75
74 75
5 76
76 6
31 76
76 43
76 50
76 57
76 62
2 77
77 8
77 26
27 77
37 77
77 45
77 46
77 47
77 50
59 77
60 77
62 77
77 68
77 69
78 3
78 19
78 21
25 78
34 78
78 42
46 78
64 78
66 78
69 78
72 78
78 76
10 79
11 79
27 79
29 79
79 40
79 44
79 48
52 79
53 79
55 79
79 57
59 79
79 60
80 3
4 80
80 9
80 10
80 12
80 15
19 80
80 25
28 80
30 80
80 33
39 80
44 80
80 46
49 80
80 68
72 80
80 79
4 81
7 81
81 11
12 81
81 15
81 19
81 31
81 33
36 81
63 81
70 81
81 71
81 75
82 4
82 9
14 82
22 82
25 82
29 82
38 82
39 82
82 43
46 82
82 48
56 82
65 82
72 82
76 82
82 81
3 83
83 11
83 12
83 14
83 21
83 22
83 23
24 83
26 83
83 37
52 83
83 57
58 83
83 59
83 61
83 67
75 83
80 83
83 81
84 15
18 84
84 39
45 84
84 62
64 84
65 84
84 68
72 84
84 74
75 84
76 84
77 84
78 84
83 84
85 9
15 85
22 85
85 27
85 39
85 42
85 50
51 85
52 85
85 65
70 85
86 4
86 5
86 9
86 17
19 86
21 86
86 27
86 29
86 34
86 41
86 50
86 59
60 86
61 86
86 68
72 86
86 73
76 86
86 77
79 86
8 87
87 12
87 18
87 19
30 87
87 31
87 34
87 42
87 51
87 61
87 64
87 65
87 68
84 87
88 5
88 6
88 16
88 17
20 88
29 88
88 31
88 33
88 40
88 46
88 48
55 88
88 68
69 88
88 74
79 88
3 89
89 4
89 10
14 89
89 16
17 89
89 21
31 89
89 33
41 89
45 89
54 89
56 89
89 57
62 89
63 89
81 89
90 1
90 5
11 90
19 90
25 90
90 31
32 90
50 90
57 90
90 58
61 90
73 90
75 90
79 90
81 90
90 88
90 89
3 91
91 19
23 91
91 24
28 91
91 31
32 91
91 39
49 91
56 91
61 91
91 70
71 91
91 72
73 91
91 76
82 91
92 9
92 21
92 23
31 92
92 37
92 40
92 43
44 92
92 45
92 53
54 92
63 92
92 65
92 66
69 92
72 92
92 82
93 1
7 93
20 93
93 25
31 93
93 56
71 93
93 76
93 77
79 93
85 93
7 94
15 94
94 16
31 94
37 94
94 39
41 94
44 94
94 47
51 94
58 94
94 60
94 75
84 94
12 95
95 14
16 95
22 95
95 57
63 95
95 65
95 75
96 1
3 96
6 96
96 25
34 96
46 96
96 48
53 96
65 96
67 96
96 70
96 85
96 87
88 96
96 90
94 96
97 19
97 20
24 97
97 25
97 30
97 40
49 97
97 54
57 97
62 97
97 66
70 97
78 97
87 97
94 97
98 3
98 15
98 26
27 98
98 55
57 98
98 62
98 84
86 98
87 98
91 98
6 99
99 8
99 10
99 17
23 99
99 35
38 99
40 99
51 99
99 52
64 99
74 99
77 99
79 99
99 84
93 99
100 2
100 3
5 100
100 7
8 100
100 9
11 100
14 100
15 100
100 16
100 17
100 21
26 100
27 100
28 100
100 29
30 100
100 34
100 38
44 100
47 100
54 100
59 100
60 100
100 63
100 64
67 100
100 71
72 100
100 73
75 100
76 100
79 100
100 80
81 100
100 84
85 100
86 100
87 100
92 100
100 97
100 98
