100 188
8 10
9 13
7 14
16 17
21 5
21 13
23 1
24 26
27 6
28 20
13 31
31 21
32 5
19 32
16 34
34 28
22 35
35 28
36 19
17 38
3 39
39 4
37 40
10 41
41 18
42 9
39 42
43 34
44 29
44 38
43 44
28 45
39 47
48 29
26 51
51 43
52 3
52 36
47 52
3 54
54 37
43 54
55 50
53 55
56 41
58 3
9 60
60 16
27 60
31 60
61 8
62 6
33 63
63 57
47 65
65 63
3 66
5 66
51 66
52 66
67 18
67 37
65 67
69 17
48 70
71 15
65 71
7 73
27 73
73 33
13 74
74 67
75 36
64 75
77 6
77 8
17 77
77 19
58 77
72 77
78 39
42 78
7 79
79 70
79 76
55 80
70 81
77 81
80 82
8 83
83 15
68 83
43 84
84 56
84 65
76 84
40 85
85 53
61 85
86 32
36 86
73 86
76 86
7 87
29 87
1 88
29 88
88 43
88 80
44 89
90 81
20 91
51 91
92 5
44 92
65 92
92 68
77 92
78 92
92 86
89 92
93 24
29 93
93 54
69 93
93 75
4 94
33 94
95 30
58 95
95 70
96 20
84 96
88 96
96 92
33 97
97 38
46 97
97 64
29 98
98 32
98 57
82 98
99 6
99 20
99 93
3 100
100 9
100 14
100 16
19 100
100 21
22 100
23 100
27 100
100 30
100 31
34 100
37 100
38 100
100 39
41 100
100 42
44 100
100 45
46 100
47 100
100 50
100 55
58 100
100 62
100 63
100 72
75 100
76 100
100 78
100 79
80 100
81 100
100 83
100 84
85 100
86 100
100 88
90 100
92 100
95 100
99 100
