100 520
8 6
3 9
11 13
2 14
11 14
15 12
15 13
14 15
16 6
16 12
5 17
18 9
18 11
19 8
19 12
9 20
4 22
11 22
23 9
23 13
10 24
25 11
19 25
26 6
9 26
4 27
5 27
27 6
27 21
27 23
28 10
28 16
29 1
2 29
29 3
1 30
7 30
9 30
30 12
30 13
30 14
30 27
31 22
31 24
32 3
10 32
32 16
33 16
33 18
33 26
34 13
34 18
31 34
35 5
2 36
28 36
36 29
36 31
36 32
4 37
37 13
16 37
38 6
38 7
38 9
38 29
38 34
37 38
39 7
39 27
39 33
40 20
41 11
19 41
36 41
9 42
42 12
42 22
30 42
42 35
39 42
43 25
44 17
28 44
36 44
40 44
45 5
45 7
9 45
16 45
30 45
45 38
3 46
46 11
46 16
46 19
46 40
47 2
3 47
47 11
42 47
48 2
48 5
48 6
15 48
48 16
48 23
50 4
26 50
52 7
52 12
52 29
52 32
36 52
52 51
9 53
14 53
53 15
18 53
21 53
53 36
38 53
42 53
50 53
54 1
5 54
10 54
54 45
6 55
55 32
55 33
50 55
54 55
56 11
56 13
15 56
56 17
36 56
56 43
56 47
9 57
12 57
57 17
37 57
57 38
57 39
57 40
41 57
51 57
57 52
24 58
29 58
58 43
58 52
59 6
59 13
59 38
59 42
3 60
25 60
53 60
54 60
6 61
61 13
24 61
61 31
35 61
45 61
61 50
10 62
25 62
62 34
37 62
62 43
51 62
6 63
63 7
63 20
22 63
37 63
47 63
54 63
63 61
64 6
9 64
13 64
64 14
64 23
64 25
34 64
64 42
47 64
64 49
64 53
65 2
4 65
14 65
65 20
65 27
30 65
65 39
41 65
65 49
66 13
26 66
33 66
66 38
66 61
67 8
67 13
67 20
32 67
44 67
67 47
68 7
17 68
68 19
68 25
68 26
68 32
61 68
63 68
69 17
69 47
69 55
56 69
70 12
26 70
70 38
56 70
68 70
71 21
71 47
61 71
71 66
7 72
72 8
72 15
72 18
22 72
72 30
32 72
72 47
72 48
56 72
72 59
68 72
3 73
73 15
36 73
41 73
47 73
51 73
57 73
73 61
73 69
8 74
33 74
74 56
74 65
68 74
1 75
7 75
75 9
75 14
75 25
75 27
36 75
38 75
46 75
75 51
52 75
58 75
75 65
67 75
76 1
76 41
42 76
76 45
64 76
77 2
13 77
26 77
77 43
75 77
24 78
27 78
78 41
43 78
47 78
78 55
56 78
78 66
78 67
78 77
79 11
79 17
79 50
60 79
79 62
63 79
79 75
79 77
80 1
7 80
8 80
80 17
80 18
80 28
80 55
80 57
61 80
80 67
80 68
70 80
80 71
81 12
21 81
28 81
47 81
81 51
58 81
61 81
81 65
69 81
82 5
82 11
31 82
32 82
82 49
61 82
82 63
82 72
6 83
8 83
19 83
83 29
31 83
83 49
83 72
74 83
83 77
14 84
35 84
84 54
84 56
9 85
85 17
23 85
85 52
85 61
85 70
72 85
85 73
86 11
24 86
37 86
40 86
86 43
53 86
86 56
86 69
74 86
76 86
14 87
87 15
44 87
87 57
63 87
68 87
87 83
15 88
88 21
88 23
88 25
88 41
50 88
57 88
65 88
67 88
88 69
74 88
89 12
89 28
89 47
89 87
90 16
90 20
90 31
33 90
90 43
56 90
57 90
90 61
67 90
76 90
81 90
17 91
19 91
91 21
31 91
91 44
47 91
60 91
71 91
82 91
89 91
92 15
20 92
24 92
28 92
36 92
41 92
46 92
48 92
54 92
67 92
72 92
92 74
33 93
35 93
93 40
45 93
62 93
93 69
70 93
85 93
87 93
88 93
93 89
8 94
94 20
94 54
94 59
94 72
94 88
12 95
95 30
95 72
84 95
92 95
3 96
96 17
96 43
50 96
57 96
96 58
96 62
64 96
96 79
97 3
4 97
6 97
97 13
97 27
97 33
63 97
97 72
77 97
91 97
98 2
98 4
30 98
35 98
38 98
98 71
98 87
4 99
99 29
44 99
55 99
99 56
99 71
82 99
3 100
5 100
100 6
100 10
100 12
100 15
100 17
18 100
23 100
24 100
25 100
100 27
100 29
30 100
100 31
100 36
100 42
43 100
46 100
100 55
100 58
100 61
100 62
100 63
64 100
65 100
100 66
100 68
69 100
100 72
74 100
76 100
100 77
79 100
80 100
100 84
100 85
100 88
90 100
91 100
92 100
100 93
100 95
96 100
100 98
100 99
