100 644
3 1
1 6
3 6
8 6
2 10
6 10
10 7
3 11
12 4
12 10
14 3
14 4
15 4
15 8
5 16
8 17
13 17
18 8
18 10
13 18
15 19
2 20
3 20
20 6
20 12
7 22
22 13
17 22
20 23
24 11
13 24
24 16
2 25
6 25
5 26
26 7
10 26
22 26
3 27
4 27
27 7
28 14
15 28
28 16
17 28
3 29
29 6
29 7
15 29
21 29
30 9
30 11
30 14
1 31
31 5
31 12
31 29
17 32
22 32
32 23
33 1
33 5
27 33
33 31
4 34
34 11
34 18
34 27
34 29
16 35
21 35
24 35
35 34
1 36
36 4
22 36
25 36
36 27
37 2
6 37
15 37
18 37
27 37
28 37
29 37
37 34
7 38
13 38
28 38
30 38
39 8
10 39
39 37
12 40
15 40
40 16
18 40
26 40
40 27
40 29
35 40
4 41
17 41
25 41
31 41
41 38
42 4
9 42
42 10
42 12
17 42
42 21
2 43
43 15
20 43
43 25
37 43
2 44
8 44
44 15
21 44
31 44
37 44
45 8
14 45
16 45
45 27
45 29
6 46
7 46
13 46
18 46
37 46
3 47
4 47
47 22
31 47
47 36
48 7
48 20
48 21
48 29
34 48
1 49
5 49
10 49
49 18
30 49
41 49
13 50
50 33
50 48
1 51
9 51
51 10
51 12
51 13
51 16
20 51
25 51
51 30
40 51
51 46
5 52
6 52
52 10
52 37
52 39
52 40
50 52
1 53
53 7
53 12
13 53
53 14
53 37
38 53
11 54
54 18
54 20
49 54
55 10
55 15
17 55
55 47
3 56
56 12
19 56
28 56
37 56
3 57
57 7
57 16
57 19
20 57
42 57
57 54
3 58
14 58
58 15
30 58
58 34
39 58
58 50
9 59
13 59
28 59
59 30
59 36
40 59
59 46
59 47
59 51
53 59
60 11
60 22
29 60
60 51
59 60
61 9
61 13
61 20
25 61
61 32
33 61
34 61
37 61
11 62
62 26
37 62
62 41
55 62
56 62
62 58
61 62
63 13
63 19
35 63
63 37
63 40
43 63
47 63
64 1
64 3
64 6
64 7
27 64
64 34
35 64
65 8
65 12
65 13
19 65
65 26
34 65
65 41
50 65
65 53
65 54
65 55
66 1
66 5
10 66
11 66
66 14
26 66
66 45
67 2
24 67
67 29
35 67
67 38
43 67
67 47
59 67
2 68
68 8
9 68
20 68
68 38
40 68
58 68
63 68
11 69
12 69
15 69
69 42
69 45
46 69
69 48
69 51
12 70
70 13
70 15
70 17
70 24
70 32
70 36
40 70
45 70
54 70
62 70
25 71
71 30
34 71
35 71
47 71
50 71
71 65
4 72
14 72
15 72
60 72
72 67
73 2
12 73
73 28
73 32
73 36
50 73
73 70
72 73
12 74
74 24
35 74
74 46
74 48
49 74
62 74
75 13
75 34
42 75
58 75
1 76
76 8
76 12
76 14
76 19
76 39
76 47
76 65
71 76
77 4
6 77
21 77
77 28
77 49
54 77
57 77
77 66
10 78
78 13
78 25
40 78
42 78
45 78
53 78
68 78
78 70
78 71
11 79
12 79
79 13
15 79
17 79
79 18
79 28
79 40
79 49
79 55
72 79
79 78
80 1
80 2
5 80
80 11
19 80
24 80
33 80
80 40
80 51
75 80
3 81
81 5
81 14
81 16
42 81
48 81
59 81
77 81
82 7
82 9
23 82
24 82
82 36
56 82
57 82
61 82
74 82
82 79
2 83
83 11
83 13
15 83
83 21
83 28
83 34
46 83
47 83
54 83
83 60
83 62
83 65
71 83
74 83
76 83
83 80
84 5
84 6
19 84
84 44
84 45
61 84
84 70
73 84
7 85
85 11
85 15
23 85
25 85
85 34
85 48
51 85
59 85
62 85
74 85
86 6
86 9
86 12
86 24
86 26
54 86
86 57
86 64
86 65
86 73
86 74
79 86
2 87
87 27
87 32
33 87
87 41
87 43
87 44
45 87
46 87
87 48
51 87
53 87
60 87
66 87
87 82
5 88
88 8
16 88
88 28
88 45
50 88
63 88
64 88
69 88
82 88
5 89
6 89
89 12
89 16
34 89
57 89
89 59
72 89
77 89
90 2
5 90
17 90
90 18
90 30
90 34
90 36
39 90
90 48
53 90
54 90
64 90
68 90
90 72
90 74
90 85
91 7
91 11
91 14
91 21
37 91
91 38
44 91
91 55
91 56
57 91
65 91
91 81
82 91
87 91
91 89
92 12
92 17
92 22
92 26
92 27
30 92
36 92
54 92
92 58
92 78
92 81
90 92
93 6
93 8
93 21
24 93
93 31
93 40
44 93
46 93
93 53
93 55
80 93
83 93
91 93
94 4
94 10
94 16
22 94
56 94
94 83
87 94
5 95
95 24
95 27
95 30
95 38
43 95
95 52
55 95
58 95
95 65
95 72
95 79
93 95
3 96
96 10
34 96
96 37
40 96
47 96
96 61
96 90
92 96
97 6
97 7
97 9
97 18
97 26
97 37
97 41
97 45
86 97
97 88
10 98
98 21
98 26
30 98
33 98
39 98
48 98
49 98
61 98
98 85
99 38
99 52
99 53
99 60
99 61
70 99
71 99
2 100
100 6
100 7
100 9
10 100
100 12
15 100
100 27
100 28
100 29
100 30
100 31
100 32
33 100
100 34
37 100
100 38
100 40
100 42
43 100
100 45
47 100
48 100
100 49
100 50
51 100
52 100
100 56
59 100
60 100
63 100
65 100
66 100
67 100
69 100
100 70
100 71
100 75
79 100
82 100
83 100
85 100
100 86
87 100
88 100
100 92
94 100
95 100
100 96
100 99
