100 736
3 1
2 3
6 4
7 4
4 8
9 2
9 7
12 6
8 12
12 11
13 5
13 12
15 7
8 15
13 16
1 17
5 17
17 7
15 17
17 16
2 18
9 18
18 10
18 16
13 19
20 1
6 20
12 20
20 16
21 10
21 15
22 4
6 22
22 9
22 16
23 1
3 23
23 9
16 23
23 19
21 23
24 8
24 17
17 25
26 4
26 7
14 26
26 15
19 26
26 20
26 22
10 27
11 27
17 27
28 1
12 28
15 29
30 8
19 30
30 20
30 24
30 25
31 1
4 31
31 5
14 31
31 22
32 1
12 32
32 16
18 32
22 32
33 3
33 5
15 33
19 33
20 33
33 26
30 33
34 5
34 17
34 18
23 34
34 24
25 34
6 35
15 35
26 35
34 35
36 1
36 2
36 30
35 36
14 37
37 23
26 37
29 37
37 34
36 37
38 5
8 38
12 38
13 38
14 38
25 38
38 32
39 3
39 26
39 36
8 40
9 40
40 17
40 22
31 40
40 37
40 39
41 18
41 21
22 41
23 41
27 41
33 41
41 35
16 42
21 42
42 32
34 42
36 42
5 43
43 19
43 29
31 43
38 43
43 39
1 44
44 8
11 44
44 18
30 44
44 32
33 44
35 44
44 41
6 45
19 45
30 45
45 33
45 35
45 44
5 46
7 46
11 46
46 18
46 24
46 26
46 43
46 45
47 9
15 47
17 47
20 47
24 47
35 47
48 14
48 27
48 35
6 49
49 9
18 49
49 20
21 49
49 25
37 49
3 50
7 50
34 50
50 49
51 4
51 15
51 16
51 22
51 29
32 51
34 51
38 51
52 1
52 4
52 7
21 52
52 25
52 27
52 29
52 37
3 53
6 53
53 17
53 26
36 53
53 45
53 46
49 53
53 52
54 3
54 6
54 7
21 54
54 28
36 54
38 54
54 40
46 54
2 55
55 9
55 17
55 26
55 28
29 55
55 34
55 47
48 55
55 51
54 55
1 56
9 56
14 56
56 28
56 42
56 43
3 57
57 10
21 57
24 57
57 30
31 57
57 50
58 2
15 58
29 58
58 42
58 49
59 9
13 59
59 24
34 59
39 59
20 60
25 60
60 34
60 48
60 50
60 55
60 59
61 5
61 9
10 61
26 61
61 29
61 36
61 45
48 61
61 52
56 61
59 61
62 8
9 62
62 13
62 14
18 62
62 27
28 62
62 31
62 46
48 62
62 60
61 62
7 63
63 9
63 10
63 11
63 15
17 63
18 63
63 21
28 63
29 63
45 63
63 46
63 47
49 63
63 54
1 64
64 2
4 64
64 7
15 64
18 64
64 21
64 23
64 31
34 64
64 35
64 49
64 57
2 65
20 65
31 65
65 46
65 53
66 5
66 18
26 66
29 66
66 33
46 66
56 66
66 65
67 10
67 13
67 35
67 61
67 62
2 68
9 68
13 68
68 25
33 68
37 68
68 39
68 40
68 67
69 8
12 69
22 69
69 25
36 69
44 69
69 62
69 67
70 5
8 70
70 17
26 70
70 28
70 44
70 55
70 61
66 70
71 12
22 71
71 28
71 34
71 37
71 54
71 58
69 71
72 11
30 72
31 72
72 39
72 41
45 72
72 68
9 73
10 73
18 73
25 73
73 30
31 73
49 73
73 53
57 73
63 73
73 69
74 7
74 13
74 21
29 74
74 33
74 34
38 74
74 39
74 44
74 56
58 74
74 66
74 67
69 74
74 70
75 8
13 75
75 17
75 21
75 22
75 36
75 48
75 56
64 75
75 71
1 76
76 17
18 76
24 76
76 38
76 42
47 76
71 76
77 1
77 4
15 77
77 19
77 37
77 40
77 44
48 77
55 77
57 77
77 63
77 66
4 78
78 8
12 78
14 78
19 78
78 21
78 27
32 78
41 78
48 78
68 78
78 76
79 8
9 79
32 79
79 34
79 40
79 52
58 79
79 74
76 79
2 80
6 80
80 17
25 80
27 80
80 34
43 80
56 80
59 80
63 80
80 78
81 12
81 18
81 19
81 31
81 35
52 81
61 81
81 64
68 81
75 81
76 81
81 77
82 12
82 14
82 17
82 31
82 37
82 45
82 57
82 58
6 83
83 8
12 83
16 83
83 36
83 39
83 48
83 57
60 83
80 83
84 7
16 84
84 29
48 84
55 84
62 84
84 63
84 66
84 68
71 84
83 84
85 4
85 15
16 85
85 25
28 85
30 85
31 85
85 43
59 85
85 61
85 62
85 70
82 85
1 86
86 6
86 9
10 86
16 86
86 29
86 30
41 86
86 59
87 14
18 87
87 25
87 28
29 87
87 47
48 87
87 60
69 87
87 72
73 87
87 74
87 76
7 88
9 88
88 23
27 88
88 29
88 31
88 39
88 42
88 43
88 62
63 88
65 88
88 70
76 88
88 79
89 9
89 11
23 89
40 89
89 49
89 54
66 89
89 77
81 89
89 85
2 90
90 13
90 15
90 23
90 24
31 90
41 90
42 90
90 49
90 65
67 90
90 70
74 90
90 75
91 20
22 91
23 91
34 91
91 35
91 41
91 44
52 91
66 91
71 91
91 75
82 91
85 91
92 3
4 92
92 5
92 10
92 17
92 18
92 35
92 39
92 49
51 92
69 92
74 92
77 92
83 92
85 92
90 92
1 93
93 9
93 11
14 93
93 20
93 22
25 93
93 40
93 69
93 75
93 79
81 93
89 93
3 94
94 4
6 94
18 94
94 24
94 31
35 94
94 50
94 51
94 56
94 63
94 71
74 94
94 92
95 4
20 95
95 23
95 25
30 95
95 39
95 41
51 95
55 95
95 65
95 72
95 89
95 91
3 96
96 12
14 96
96 15
17 96
96 53
96 55
81 96
96 85
97 4
13 97
16 97
22 97
30 97
33 97
35 97
45 97
47 97
61 97
97 62
97 68
77 97
79 97
86 97
98 5
20 98
42 98
98 51
57 98
67 98
68 98
98 69
98 73
98 82
87 98
98 97
7 99
13 99
18 99
99 47
99 50
99 51
53 99
66 99
68 99
99 96
2 100
100 5
6 100
100 7
8 100
9 100
12 100
100 15
100 17
100 18
20 100
23 100
100 24
25 100
26 100
28 100
100 29
31 100
32 100
35 100
36 100
37 100
39 100
40 100
42 100
100 43
100 44
100 45
48 100
52 100
100 53
100 54
100 55
100 57
100 58
61 100
100 63
64 100
100 65
66 100
100 69
70 100
100 71
100 72
100 73
76 100
78 100
100 81
82 100
100 84
85 100
88 100
100 90
92 100
100 93
95 100
