100 150
2 6
4 11
11 17
6 20
7 20
4 28
7 28
28 13
23 30
8 31
19 32
33 23
33 26
34 4
34 30
35 13
39 21
40 18
12 42
42 36
43 30
5 44
6 44
12 44
44 17
45 11
26 45
45 43
46 17
46 21
17 47
27 47
47 43
32 48
36 50
39 51
1 52
52 21
52 27
24 53
46 53
55 19
28 55
51 55
56 39
14 57
55 57
58 11
59 6
30 60
60 38
44 61
64 9
64 26
65 16
66 48
66 62
20 68
70 25
71 8
71 54
4 73
74 44
46 74
74 61
19 75
22 75
53 77
5 79
80 20
81 4
82 38
82 80
83 39
36 84
2 85
85 44
86 4
86 57
87 61
87 67
87 77
32 88
88 86
89 26
90 9
90 15
90 37
40 90
91 3
91 18
34 92
83 92
93 40
93 70
79 93
94 14
94 64
13 95
95 59
74 95
95 78
96 33
96 61
53 97
98 8
15 98
64 99
100 1
100 3
100 8
13 100
100 16
19 100
100 21
100 22
24 100
100 25
100 31
32 100
33 100
100 34
35 100
36 100
37 100
100 40
100 43
100 44
100 45
100 47
100 50
52 100
100 54
100 56
100 57
58 100
100 62
65 100
100 67
68 100
73 100
100 78
100 81
100 84
86 100
100 87
89 100
93 100
97 100
100 99
