100 478
1 4
3 5
7 10
8 10
12 10
7 13
9 13
14 3
6 14
7 14
15 12
16 1
17 1
5 17
2 18
18 13
18 14
17 19
15 20
18 20
21 4
19 22
3 24
10 24
4 25
6 25
25 10
25 12
25 20
26 6
9 26
13 26
23 27
1 29
29 22
30 10
30 16
17 30
23 30
30 27
7 31
8 31
3 33
20 33
12 34
28 34
2 35
35 12
13 35
35 15
35 24
36 15
37 6
37 8
37 16
37 23
38 5
38 8
38 23
38 26
38 27
38 28
30 38
31 38
37 38
11 39
25 39
39 26
40 32
2 41
9 41
15 42
42 34
43 1
43 2
7 43
11 43
43 19
43 39
6 44
13 44
14 44
45 6
35 45
1 46
46 13
23 46
36 46
42 46
46 45
2 47
47 11
47 31
33 47
47 35
47 38
23 48
48 25
48 40
48 43
44 48
6 49
29 49
39 49
47 49
21 50
2 51
51 15
51 16
28 51
36 51
49 51
10 52
12 52
52 19
52 41
1 53
53 3
13 53
19 53
53 23
26 53
53 45
52 53
7 54
54 8
54 18
27 54
54 33
40 54
54 46
7 55
34 55
55 43
44 55
55 54
56 26
32 56
56 35
54 56
56 55
57 25
57 27
57 30
36 57
57 44
57 47
58 3
58 27
58 54
2 59
59 8
20 59
59 28
59 30
59 33
41 59
59 48
59 52
53 59
28 60
60 56
61 4
7 61
61 10
13 61
22 61
47 61
6 62
15 62
62 38
49 62
62 51
52 62
6 63
63 10
63 11
18 63
63 21
63 37
38 63
63 45
64 6
10 64
64 16
31 64
64 38
44 64
64 47
59 64
63 64
65 1
65 15
65 16
21 65
22 65
65 25
65 31
33 65
65 51
65 52
66 4
66 9
66 26
66 27
66 30
49 66
58 66
66 62
63 66
67 10
2 68
68 29
68 41
69 4
69 14
69 26
61 69
70 2
10 70
70 12
70 39
42 70
70 51
71 29
71 41
72 19
21 72
24 72
72 52
59 72
66 72
73 30
57 73
73 58
74 4
16 74
33 74
74 57
74 58
74 63
44 75
64 75
76 4
76 34
76 52
76 66
76 74
4 77
9 77
36 77
77 41
48 77
58 77
66 77
77 74
78 16
78 18
78 41
78 54
79 8
18 79
79 42
79 63
76 79
5 80
8 80
80 9
10 80
80 50
58 80
60 80
81 3
81 4
81 16
17 81
18 81
20 81
81 57
62 81
72 81
82 22
82 41
82 75
83 12
22 83
26 83
83 45
51 83
83 73
79 83
82 83
84 10
84 15
84 21
84 26
84 46
84 50
62 84
84 71
73 84
84 76
85 4
7 85
85 17
85 42
45 85
85 52
85 64
82 85
13 86
86 27
86 44
86 49
86 65
86 72
1 87
2 87
87 23
87 60
87 74
8 88
88 16
30 88
88 39
42 88
44 88
47 88
50 88
65 88
70 88
88 75
89 1
89 5
7 89
89 36
89 52
89 71
89 75
89 81
83 89
90 23
90 27
90 28
90 29
38 90
90 39
90 46
90 56
62 90
90 70
90 76
77 90
79 90
88 90
91 16
91 49
66 91
91 72
86 91
92 10
92 16
25 92
92 27
92 49
92 51
80 92
88 92
93 4
33 93
93 61
66 93
86 93
89 93
93 91
94 15
94 16
94 19
26 94
35 94
37 94
51 94
94 53
66 94
94 77
8 95
95 14
95 16
20 95
95 56
59 95
95 62
95 93
2 96
8 96
9 96
16 96
20 96
96 21
30 96
96 31
96 35
96 37
96 39
96 46
96 50
53 96
57 96
61 96
96 81
96 92
93 96
9 97
97 13
97 33
38 97
64 97
97 70
86 97
88 97
3 98
14 98
98 18
98 34
40 98
98 52
53 98
98 64
98 70
99 8
99 16
99 35
44 99
99 91
92 99
98 99
2 100
100 5
100 10
13 100
19 100
100 21
100 23
31 100
100 33
100 35
100 38
100 39
41 100
100 42
100 44
100 45
47 100
100 48
100 50
52 100
54 100
59 100
100 61
100 62
64 100
100 66
100 67
68 100
100 72
100 73
74 100
100 75
79 100
100 81
82 100
100 83
100 86
100 87
100 91
93 100
96 100
100 99
