100 712
1 3
3 2
1 6
7 6
8 3
10 7
1 11
11 5
6 11
9 11
3 12
12 4
12 5
7 12
13 4
4 14
14 8
15 4
16 4
17 6
17 8
9 17
16 17
18 1
18 4
12 18
19 15
2 20
6 20
20 7
20 8
20 10
21 10
21 13
8 22
10 22
16 22
17 22
22 20
21 22
10 23
4 24
24 12
7 25
25 8
10 25
25 13
15 25
25 18
20 25
25 21
25 23
24 25
4 26
27 21
1 28
3 28
4 28
22 28
29 4
29 7
14 29
29 25
5 30
30 24
25 30
31 20
31 21
32 10
12 32
32 14
18 32
32 19
32 20
9 33
33 21
33 22
23 33
31 33
33 32
34 6
34 20
25 34
27 34
33 34
1 35
6 35
35 12
23 35
35 34
4 36
8 36
36 10
36 18
36 22
36 23
36 30
37 22
23 37
37 31
14 38
38 16
38 33
39 3
39 8
15 39
39 20
29 39
37 39
40 11
40 25
40 29
40 30
40 34
36 40
10 41
23 41
26 41
9 42
42 18
21 42
42 31
42 40
42 41
43 10
43 21
43 30
44 3
44 5
44 16
44 27
30 44
2 45
5 45
6 45
10 45
13 45
26 45
45 30
42 45
5 46
10 46
46 14
46 16
46 33
46 34
43 46
47 2
47 5
9 47
47 10
47 16
47 22
26 47
47 29
31 47
47 32
47 42
48 5
8 48
48 16
19 48
48 22
23 48
38 48
41 48
49 3
49 12
41 49
44 49
45 49
47 49
2 50
3 50
50 8
50 13
18 50
50 25
26 50
50 27
28 50
50 32
50 43
51 13
16 51
51 36
51 44
52 18
22 52
34 52
44 52
52 46
53 2
3 53
4 53
10 53
12 53
14 53
53 29
44 53
45 53
4 54
9 54
54 15
20 54
54 21
30 54
55 2
55 12
55 15
19 55
55 22
26 55
27 55
55 28
38 55
55 51
5 56
13 56
14 56
56 17
21 56
56 25
56 27
36 56
43 56
49 56
57 9
16 57
57 28
57 45
47 57
7 58
36 58
40 58
43 58
51 58
58 52
59 4
7 59
19 59
21 59
59 30
59 32
40 59
42 59
59 49
51 59
60 4
60 5
60 17
18 60
23 60
32 60
60 34
60 48
60 56
3 61
61 15
26 61
61 27
61 29
61 35
36 61
38 61
61 47
55 61
61 58
4 62
62 12
62 15
62 25
62 33
62 50
62 53
63 2
5 63
63 13
63 22
23 63
63 26
63 37
63 42
43 63
63 45
46 63
63 52
64 1
5 64
6 64
30 64
64 36
64 38
39 64
64 53
64 56
64 62
65 15
65 21
22 65
23 65
28 65
65 42
43 65
65 46
59 65
65 60
66 12
66 17
66 34
66 42
66 45
53 66
66 59
9 67
15 67
67 20
32 67
34 67
67 39
67 44
67 53
58 67
59 67
64 67
11 68
19 68
20 68
26 68
44 68
58 68
60 68
2 69
9 69
69 14
17 69
69 39
69 44
69 52
62 69
69 66
3 70
70 10
70 18
70 22
24 70
33 70
44 70
70 60
64 70
5 71
71 17
31 71
71 50
71 62
72 14
72 16
24 72
72 28
32 72
72 38
61 72
72 69
72 71
73 25
73 32
73 34
39 73
48 73
50 73
73 53
55 73
56 73
60 73
63 73
73 68
74 2
18 74
35 74
37 74
44 74
49 74
74 51
74 58
74 71
75 3
75 6
75 28
75 30
75 34
35 75
75 44
45 75
52 75
75 53
56 75
63 75
66 75
6 76
76 11
76 16
76 22
26 76
76 34
37 76
40 76
76 41
46 76
53 76
76 57
76 60
77 5
11 77
77 13
29 77
31 77
39 77
77 68
5 78
78 23
78 25
29 78
38 78
78 47
65 78
78 67
79 2
52 79
54 79
70 79
72 79
76 79
79 77
4 80
5 80
80 11
80 29
48 80
57 80
60 80
62 80
63 80
80 73
7 81
81 44
81 50
81 56
59 81
60 81
63 81
70 81
79 81
82 19
20 82
29 82
54 82
82 55
58 82
64 82
71 82
77 82
83 2
22 83
83 44
83 52
83 71
5 84
84 9
22 84
28 84
84 42
84 46
84 51
84 63
84 71
81 84
11 85
85 31
37 85
85 38
39 85
85 46
60 85
85 64
6 86
8 86
86 15
86 28
38 86
86 40
86 41
86 43
86 44
48 86
86 53
86 56
86 62
63 86
69 86
86 70
71 86
81 86
87 9
13 87
14 87
87 17
87 20
87 25
30 87
87 48
50 87
87 67
68 87
87 78
87 79
1 88
27 88
30 88
88 40
88 41
88 49
62 88
88 63
64 88
81 88
88 84
89 7
19 89
89 21
89 38
46 89
89 56
89 59
75 89
79 89
84 89
3 90
5 90
9 90
10 90
90 14
90 16
18 90
19 90
90 26
90 29
35 90
90 41
42 90
45 90
90 65
8 91
91 19
29 91
55 91
91 56
91 58
87 91
90 91
92 7
13 92
92 14
92 33
36 92
43 92
44 92
48 92
57 92
75 92
93 6
93 12
93 19
20 93
21 93
93 33
52 93
64 93
92 93
94 1
94 10
12 94
16 94
20 94
94 24
28 94
29 94
32 94
94 46
53 94
62 94
94 74
94 75
94 79
94 81
83 94
84 94
85 94
94 88
89 94
95 4
95 10
24 95
95 26
95 35
41 95
95 80
82 95
88 95
95 90
96 9
96 19
96 29
32 96
35 96
38 96
45 96
96 52
96 54
96 64
77 96
96 79
81 96
97 5
9 97
16 97
97 33
97 37
39 97
50 97
51 97
61 97
97 66
70 97
97 91
97 94
13 98
17 98
98 19
25 98
98 26
54 98
98 57
98 66
67 98
89 98
90 98
97 98
3 99
99 23
99 55
56 99
99 58
99 60
99 65
68 99
70 99
75 99
80 99
99 88
96 99
1 100
100 3
100 5
6 100
7 100
100 12
14 100
100 15
16 100
18 100
19 100
21 100
23 100
100 25
100 26
100 28
100 29
100 31
34 100
100 35
37 100
38 100
39 100
41 100
43 100
100 44
100 46
100 47
100 50
100 52
55 100
56 100
57 100
58 100
59 100
61 100
63 100
64 100
100 65
66 100
100 68
100 69
71 100
73 100
75 100
78 100
100 84
100 85
91 100
100 92
93 100
100 99
