100 932
3 2
8 5
6 9
2 10
3 10
10 6
5 11
11 6
11 9
2 12
12 5
12 6
12 10
13 2
6 13
3 14
15 6
8 16
17 8
17 11
18 6
10 18
13 18
2 19
3 19
19 4
6 19
20 4
13 20
2 21
3 21
21 12
5 22
22 6
9 22
22 11
22 19
1 23
13 23
24 2
24 12
24 16
24 18
23 24
6 25
25 12
25 17
21 25
23 25
26 5
26 12
26 13
14 26
26 18
26 20
26 22
27 1
27 4
27 13
20 27
28 7
28 10
16 28
20 28
1 29
11 29
19 29
26 29
29 28
5 30
30 13
30 14
30 15
30 16
30 19
30 22
23 30
3 31
11 31
31 21
31 24
2 32
4 32
8 32
32 13
32 14
32 16
26 32
12 33
14 33
33 19
33 25
27 33
6 34
34 12
34 15
33 34
18 35
35 19
35 30
31 35
1 36
3 36
36 4
36 26
36 28
36 30
37 7
37 11
37 19
37 26
37 33
3 38
14 38
38 24
38 28
10 39
15 39
18 39
24 39
39 31
39 34
39 37
38 39
2 40
8 40
12 40
40 16
40 24
26 40
27 40
41 12
15 41
41 21
3 42
9 42
14 42
42 20
42 34
35 42
42 41
43 9
16 43
43 18
43 22
26 43
27 43
43 31
43 34
44 6
10 44
11 44
14 44
24 44
44 32
6 45
16 45
17 45
24 45
33 45
39 45
45 43
46 22
39 46
40 46
41 46
7 47
21 47
47 23
47 39
45 47
46 47
48 2
48 6
9 48
27 48
48 28
48 36
46 48
49 6
9 49
14 49
49 17
19 49
49 21
49 23
49 26
28 49
49 29
49 31
49 35
37 49
42 49
50 6
50 9
50 13
50 19
23 50
25 50
50 33
50 37
50 43
50 44
46 50
8 51
51 26
31 51
51 35
37 51
43 51
44 51
51 47
51 50
5 52
52 6
52 9
13 52
23 52
52 35
36 52
38 52
40 52
41 52
52 43
53 2
8 53
53 15
18 53
53 19
53 27
53 28
38 53
53 41
53 46
54 7
54 9
10 54
16 54
19 54
31 54
34 54
54 39
54 41
54 42
54 43
48 54
54 50
51 54
6 55
13 55
55 21
55 27
39 55
55 40
42 55
55 43
55 45
55 46
53 55
30 56
56 31
56 48
57 4
57 5
28 57
33 57
57 45
57 48
57 52
56 57
2 58
58 3
6 58
58 11
58 12
13 58
15 58
25 58
31 58
37 58
38 58
39 58
58 43
58 44
45 58
49 58
58 50
59 5
16 59
59 20
21 59
24 59
25 59
28 59
34 59
59 35
59 37
59 47
59 48
53 59
2 60
60 6
11 60
15 60
19 60
41 60
60 42
45 60
60 58
60 59
1 61
61 8
10 61
61 13
61 34
61 46
61 51
61 57
62 5
6 62
62 9
12 62
62 15
19 62
21 62
23 62
34 62
62 35
42 62
47 62
62 48
54 62
62 59
8 63
13 63
63 24
63 31
36 63
63 37
39 63
63 48
63 50
51 63
56 63
63 57
4 64
7 64
10 64
27 64
30 64
64 32
34 64
35 64
64 54
56 64
58 64
14 65
65 19
65 24
27 65
52 65
65 59
65 61
65 62
7 66
18 66
19 66
66 21
66 47
61 66
5 67
7 67
19 67
26 67
28 67
67 39
67 40
41 67
50 67
67 51
67 54
57 67
58 67
67 62
68 15
16 68
68 21
24 68
68 35
41 68
45 68
46 68
49 68
68 52
68 54
61 68
65 68
68 67
69 11
19 69
69 28
37 69
52 69
54 69
69 60
70 1
70 5
19 70
20 70
70 24
26 70
28 70
30 70
70 34
43 70
46 70
51 70
55 70
70 56
60 70
1 71
71 10
15 71
16 71
22 71
71 26
28 71
38 71
45 71
71 47
71 50
53 71
61 71
70 71
72 1
8 72
72 11
72 13
14 72
72 17
72 26
38 72
72 40
72 45
46 72
72 51
72 56
72 67
72 69
73 5
73 10
13 73
14 73
19 73
73 29
34 73
39 73
42 73
62 73
63 73
73 65
70 73
74 5
8 74
9 74
74 10
15 74
74 22
74 23
27 74
74 28
74 32
74 33
74 36
74 37
74 43
54 74
55 74
66 74
6 75
14 75
25 75
27 75
75 31
75 32
75 43
47 75
75 56
75 57
58 75
59 75
60 75
75 61
67 75
75 69
3 76
14 76
76 18
23 76
76 26
76 28
76 31
35 76
76 36
76 49
76 51
76 52
57 76
58 76
61 76
63 76
76 68
70 76
76 75
77 2
77 8
11 77
15 77
19 77
77 22
77 24
30 77
31 77
77 34
35 77
44 77
49 77
68 77
77 71
2 78
3 78
8 78
16 78
31 78
43 78
78 53
59 78
78 66
78 69
78 77
4 79
5 79
9 79
17 79
79 27
79 41
79 43
79 44
54 79
60 79
79 61
79 63
73 79
80 3
80 6
12 80
80 17
80 37
80 38
80 44
45 80
51 80
80 54
59 80
80 60
61 80
80 65
70 80
80 76
80 77
79 80
81 3
8 81
81 11
81 24
41 81
81 44
45 81
81 47
49 81
50 81
81 53
57 81
81 60
81 62
82 17
18 82
24 82
82 31
82 37
82 48
50 82
52 82
82 54
59 82
82 68
82 71
82 77
82 80
2 83
4 83
83 7
12 83
83 13
83 22
23 83
31 83
37 83
83 40
43 83
83 60
66 83
83 69
72 83
83 74
83 77
78 83
84 8
84 25
84 34
84 39
63 84
75 84
84 76
85 3
85 7
15 85
19 85
85 22
25 85
28 85
85 35
48 85
50 85
59 85
62 85
85 73
76 85
81 85
83 85
4 86
5 86
8 86
16 86
26 86
86 27
86 31
35 86
86 37
39 86
86 43
86 46
86 47
55 86
86 56
86 60
64 86
86 66
79 86
87 5
7 87
87 13
87 14
87 16
87 17
87 18
87 19
87 33
87 35
37 87
43 87
46 87
87 51
54 87
87 57
69 87
87 71
87 72
74 87
85 87
88 1
2 88
4 88
12 88
88 14
88 19
88 27
88 28
30 88
88 31
38 88
88 42
88 44
88 49
51 88
88 52
53 88
55 88
60 88
88 61
66 88
67 88
69 88
88 70
71 88
88 78
81 88
88 82
5 89
6 89
89 8
89 10
89 11
89 13
19 89
23 89
28 89
30 89
31 89
89 34
89 41
42 89
89 46
62 89
69 89
4 90
90 16
20 90
90 31
90 32
34 90
56 90
60 90
64 90
90 66
90 73
88 90
7 91
91 9
14 91
20 91
23 91
91 25
28 91
91 29
31 91
32 91
36 91
61 91
66 91
74 91
91 75
91 77
79 91
91 90
1 92
2 92
12 92
14 92
92 16
92 27
92 31
46 92
66 92
68 92
73 92
79 92
92 80
87 92
92 89
90 92
93 5
93 9
12 93
15 93
93 21
93 22
23 93
93 29
30 93
41 93
46 93
93 57
93 59
93 75
93 77
93 79
92 93
21 94
94 23
27 94
33 94
94 40
46 94
94 50
79 94
91 94
8 95
95 15
95 16
95 18
21 95
27 95
38 95
42 95
44 95
95 46
47 95
50 95
95 56
95 65
95 69
95 73
81 95
95 84
96 4
96 8
10 96
15 96
96 26
96 28
36 96
42 96
96 47
96 50
96 53
56 96
96 57
58 96
65 96
79 96
85 96
93 96
97 1
7 97
10 97
97 12
15 97
17 97
39 97
97 47
51 97
65 97
97 67
97 74
97 79
97 80
97 85
97 86
97 88
94 97
98 18
28 98
30 98
98 33
48 98
55 98
58 98
62 98
98 64
66 98
98 72
98 77
98 84
98 89
98 95
1 99
7 99
99 9
99 16
99 17
99 18
99 23
26 99
28 99
99 36
99 48
99 62
68 99
99 72
99 79
99 85
91 99
96 99
3 100
100 4
100 5
100 7
8 100
10 100
16 100
100 19
100 22
100 24
25 100
26 100
28 100
100 29
31 100
32 100
100 35
37 100
100 38
100 41
100 42
100 43
44 100
100 45
47 100
100 48
100 50
100 53
100 56
100 57
100 62
66 100
100 67
100 68
100 69
100 72
100 74
100 78
100 80
81 100
100 82
100 83
84 100
100 89
92 100
95 100
100 96
100 98
