100 246
5 4
16 9
3 17
18 6
19 2
9 19
1 20
3 20
23 18
12 24
8 26
26 23
27 5
28 1
28 12
29 3
30 15
32 25
32 29
16 33
33 31
34 3
1 36
27 36
37 24
37 27
35 37
38 19
22 40
26 40
41 36
1 42
19 43
4 44
44 14
23 45
45 29
10 46
46 14
35 46
46 39
47 19
37 47
47 41
48 26
48 47
34 49
38 49
49 44
12 50
52 38
50 52
15 53
53 28
53 29
31 53
53 45
51 53
54 41
50 54
7 55
39 55
56 19
44 56
56 46
49 56
52 56
57 23
29 57
50 58
34 59
61 50
62 9
62 14
19 62
62 30
50 62
54 62
26 63
43 63
30 64
37 64
65 61
14 66
64 66
67 10
27 67
28 67
25 68
59 68
68 60
12 69
20 69
69 29
69 33
69 41
69 52
21 70
45 71
71 53
71 56
72 59
72 70
17 73
73 30
74 11
42 74
58 74
62 74
74 67
75 11
25 75
68 75
75 69
76 1
76 31
76 43
76 70
77 1
19 77
78 3
78 43
79 25
50 79
79 68
80 12
23 80
80 34
29 82
82 67
83 8
29 83
67 83
70 83
83 72
56 84
84 69
85 6
85 56
85 65
73 85
5 86
86 41
71 86
73 86
75 86
6 87
12 87
87 37
43 87
87 58
6 88
29 88
88 37
88 39
88 44
88 49
60 88
63 88
76 88
89 15
89 20
90 9
90 34
36 90
42 90
45 90
90 70
75 90
91 20
43 91
53 91
91 90
84 92
93 29
39 93
54 93
39 94
94 45
47 94
72 94
94 73
94 86
95 9
95 15
44 95
95 54
70 95
91 95
96 64
96 85
96 92
93 96
97 8
41 97
97 78
94 97
98 4
22 98
55 98
83 98
7 99
23 99
99 26
37 99
99 47
66 99
99 80
100 2
100 3
4 100
100 5
100 8
9 100
100 20
21 100
100 31
33 100
100 34
100 38
39 100
42 100
46 100
49 100
50 100
100 51
100 54
55 100
58 100
59 100
62 100
100 63
100 66
100 68
73 100
74 100
100 76
78 100
100 79
84 100
100 85
87 100
100 88
100 91
94 100
99 100
