100 588
4 6
7 3
9 2
1 10
11 1
10 11
6 12
5 13
15 1
4 15
15 9
15 12
16 3
4 16
16 6
16 9
17 3
6 18
19 5
19 20
21 3
21 11
18 23
24 4
24 7
12 24
24 23
17 25
25 20
1 26
7 26
26 9
26 10
11 26
21 26
26 22
1 27
4 27
17 27
27 25
28 7
11 28
29 8
29 13
29 14
29 27
25 30
1 31
14 32
33 29
33 30
32 33
34 8
13 34
35 2
35 10
21 35
35 22
23 35
30 35
16 36
36 24
36 35
24 37
37 25
1 38
38 9
38 31
2 39
26 39
39 28
5 40
40 6
40 9
10 40
16 40
40 18
30 40
40 35
37 40
4 41
41 19
41 27
35 41
41 36
39 41
3 42
42 7
40 42
41 42
18 43
32 43
43 37
44 27
45 19
45 21
30 45
34 45
46 11
46 18
46 31
43 46
6 47
47 11
47 13
17 47
47 29
47 33
47 35
4 48
23 48
48 26
48 39
41 48
44 48
45 48
48 47
2 49
49 9
49 39
42 49
49 47
50 19
50 24
35 50
4 51
51 14
51 22
24 51
29 51
51 40
49 51
22 52
52 30
52 38
52 39
52 51
53 15
53 45
53 47
54 14
54 22
40 54
2 55
55 7
55 9
21 55
32 55
55 41
16 56
18 56
56 20
56 42
43 56
56 45
57 6
57 17
37 57
57 48
56 57
58 8
15 58
32 58
58 39
51 58
52 58
59 1
17 59
59 40
59 43
59 57
60 19
31 60
60 53
58 60
10 61
61 15
61 17
31 61
46 61
52 61
53 61
55 61
3 62
13 62
14 62
15 62
62 17
23 62
62 24
44 62
55 62
58 62
19 63
24 63
25 63
63 33
63 42
63 44
63 50
63 58
64 5
64 8
64 11
15 64
64 38
64 47
61 64
7 65
65 22
65 43
65 52
65 59
2 66
12 66
23 66
66 27
66 49
67 2
6 67
15 67
25 67
36 67
67 41
42 67
50 67
51 67
54 67
67 58
67 62
3 68
5 68
68 7
68 16
25 68
29 68
31 68
40 68
68 46
48 68
68 50
68 54
58 68
61 68
67 68
3 69
13 69
17 69
69 26
42 69
45 69
52 69
54 69
3 70
12 70
70 22
70 34
70 49
57 70
2 71
20 71
71 29
71 40
71 46
53 71
71 67
39 72
72 44
56 72
73 2
14 73
25 73
73 46
73 54
73 55
73 57
74 11
74 22
29 74
74 31
42 74
74 57
74 65
67 74
74 68
75 2
75 5
75 10
13 75
18 75
19 75
37 75
40 75
42 75
47 75
56 75
75 58
75 70
7 76
76 8
11 76
76 13
25 76
54 76
74 76
77 6
77 8
10 77
30 77
48 77
51 77
78 1
78 9
78 29
78 40
79 6
7 79
11 79
79 15
79 37
79 38
79 39
46 79
79 60
65 79
79 73
78 79
80 3
80 8
12 80
31 80
80 35
42 80
61 80
80 68
69 80
80 77
81 3
19 81
81 24
27 81
60 81
68 81
71 81
1 82
82 30
82 39
41 82
82 42
43 82
82 45
82 50
82 54
82 55
82 57
61 82
69 82
82 73
82 78
82 81
83 11
83 13
21 83
24 83
83 35
83 51
83 53
55 83
57 83
83 60
64 83
67 83
83 74
21 84
53 84
84 73
79 84
84 80
85 2
85 10
17 85
22 85
31 85
41 85
85 52
85 73
79 85
2 86
7 86
86 18
30 86
86 38
86 45
58 86
86 60
86 73
75 86
86 81
8 87
87 42
45 87
46 87
87 57
87 60
63 87
87 71
87 74
87 80
11 88
88 17
88 36
88 46
88 50
75 88
89 3
4 89
89 15
25 89
89 30
89 34
45 89
48 89
67 89
71 89
90 3
90 8
13 90
16 90
23 90
90 26
90 28
90 29
33 90
34 90
90 39
43 90
49 90
50 90
58 90
90 74
90 77
91 28
91 38
42 91
68 91
91 78
9 92
92 15
22 92
23 92
34 92
92 53
64 92
66 92
92 76
79 92
92 88
93 18
32 93
45 93
72 93
89 93
5 94
94 11
24 94
94 31
36 94
53 94
76 94
94 78
81 94
94 85
94 89
95 5
95 19
36 95
95 38
95 53
95 55
95 56
95 57
95 63
64 95
77 95
95 82
95 84
95 89
95 94
1 96
18 96
96 21
26 96
31 96
33 96
37 96
96 46
96 52
96 68
96 71
80 96
82 96
96 83
96 86
96 87
6 97
22 97
33 97
97 66
89 97
90 97
13 98
16 98
98 17
98 29
98 32
98 33
38 98
43 98
55 98
98 60
98 77
98 83
89 98
98 91
99 7
99 11
12 99
14 99
99 22
25 99
26 99
99 33
99 58
65 99
99 81
99 98
100 1
3 100
100 4
6 100
100 8
100 10
11 100
100 12
100 13
100 14
15 100
100 21
100 24
26 100
100 27
100 28
100 29
100 31
32 100
34 100
35 100
100 40
100 42
44 100
100 45
49 100
100 50
100 52
100 53
54 100
100 55
57 100
100 58
100 62
66 100
67 100
100 70
100 71
100 74
75 100
100 76
100 79
80 100
100 81
100 83
87 100
88 100
89 100
100 92
93 100
100 95
100 98
