100 810
1 3
2 3
4 2
1 5
2 5
5 4
7 1
3 7
7 4
3 8
6 8
9 1
2 9
10 5
7 10
8 10
11 6
12 2
12 8
13 9
5 14
14 6
14 13
15 2
3 15
16 10
17 16
18 2
18 12
1 19
19 5
19 8
11 19
13 19
19 18
12 20
20 13
15 20
21 5
21 17
22 7
22 11
22 17
23 4
5 23
12 23
18 23
22 24
25 1
2 25
25 7
9 25
25 15
25 18
26 3
4 26
26 12
15 26
26 24
6 27
9 27
27 10
15 27
18 27
19 27
25 27
5 28
7 28
14 28
17 28
21 28
29 3
29 12
29 16
29 18
22 29
9 30
10 30
30 11
30 15
30 18
26 31
27 31
31 28
32 3
11 32
32 19
26 32
3 33
10 33
11 33
33 14
33 16
31 33
34 6
34 26
34 27
28 34
32 34
35 1
35 9
35 11
35 22
27 35
35 28
29 35
36 8
37 1
10 37
17 37
33 37
37 34
38 4
38 13
38 32
38 36
37 38
6 39
39 7
8 39
32 39
39 33
40 1
24 40
40 25
27 40
37 40
40 38
2 41
41 3
4 41
41 14
41 17
24 41
41 27
42 3
9 42
13 42
42 20
42 23
24 42
26 42
42 29
38 42
14 43
43 34
43 42
10 44
44 16
44 32
44 35
44 42
19 45
45 21
25 45
1 46
4 46
10 46
46 13
46 14
15 46
46 22
24 46
46 33
35 46
37 46
38 46
44 46
47 7
21 47
47 39
48 3
48 7
15 48
48 16
48 19
25 48
48 32
48 37
38 48
48 41
49 7
16 49
49 17
49 18
49 19
22 49
25 49
49 29
34 49
39 49
49 44
2 50
50 4
50 6
14 50
50 23
50 30
35 50
45 50
50 48
8 51
10 51
13 51
14 51
51 17
51 20
22 51
51 31
51 33
51 38
41 51
42 51
51 43
44 51
51 47
52 4
6 52
9 52
10 52
52 22
38 52
41 52
52 42
45 52
51 52
53 1
53 9
53 17
53 27
52 53
5 54
54 6
8 54
54 30
54 34
43 54
54 49
54 51
54 52
55 2
17 55
18 55
26 55
55 27
40 55
43 55
55 49
53 55
56 33
56 42
56 47
2 57
57 5
57 9
57 10
57 13
16 57
57 25
31 57
52 57
55 57
58 16
26 58
37 58
40 58
43 58
45 58
58 47
58 57
59 12
21 59
59 24
59 27
59 28
30 59
59 33
59 47
59 52
59 53
59 54
60 5
60 7
60 10
60 11
60 15
60 17
60 25
41 60
60 44
45 60
52 60
54 60
60 55
60 56
57 60
60 58
61 3
61 5
61 9
15 61
22 61
40 61
47 61
53 61
1 62
62 3
11 62
15 62
28 62
62 30
62 35
62 38
62 41
50 62
51 62
62 55
63 4
6 63
63 8
63 15
47 63
64 4
64 11
20 64
64 26
27 64
39 64
64 49
59 64
2 65
8 65
65 9
26 65
31 65
65 33
34 65
35 65
37 65
49 65
52 65
57 65
65 61
65 62
10 66
66 34
38 66
66 44
66 45
48 66
49 66
58 66
67 13
67 15
25 67
31 67
67 37
39 67
67 44
67 48
52 67
57 67
62 67
65 67
8 68
68 14
22 68
68 24
68 28
29 68
68 48
68 51
68 53
60 68
68 61
68 65
66 68
69 4
69 10
69 15
29 69
52 69
54 69
57 69
70 10
12 70
15 70
70 21
70 26
70 49
53 70
57 70
70 61
64 70
70 68
71 2
3 71
15 71
17 71
20 71
25 71
71 35
71 43
45 71
71 46
48 71
71 57
71 62
4 72
72 6
15 72
17 72
20 72
22 72
72 38
72 50
72 59
72 64
72 70
6 73
73 19
73 23
27 73
73 30
73 46
73 54
66 73
7 74
9 74
74 13
18 74
74 20
74 23
74 34
44 74
45 74
46 74
47 74
74 54
56 74
57 74
74 59
68 74
74 72
75 14
75 16
17 75
75 22
75 29
75 64
69 75
75 70
4 76
10 76
13 76
14 76
76 20
76 37
46 76
47 76
76 51
76 73
76 75
6 77
77 8
77 11
77 31
77 43
77 49
77 51
77 54
55 77
56 77
77 58
59 77
77 63
77 71
77 74
78 4
6 78
78 8
78 15
19 78
21 78
22 78
41 78
46 78
47 78
78 58
59 78
60 78
78 73
78 75
2 79
79 26
79 38
39 79
79 41
79 42
44 79
46 79
79 63
68 79
71 79
79 77
7 80
21 80
24 80
29 80
37 80
43 80
44 80
80 51
80 53
80 61
65 80
80 66
69 80
80 79
81 5
81 6
81 11
17 81
81 19
81 24
32 81
81 34
37 81
81 41
81 47
63 81
65 81
1 82
82 14
18 82
29 82
31 82
82 35
39 82
82 47
82 54
82 58
82 65
75 82
78 82
83 22
30 83
33 83
83 41
45 83
54 83
64 83
83 66
83 78
6 84
84 18
28 84
84 34
84 40
84 45
49 84
84 50
84 60
66 84
71 84
84 79
85 9
85 11
85 14
85 21
25 85
85 34
36 85
6 86
7 86
16 86
86 21
25 86
31 86
45 86
52 86
56 86
86 63
86 68
86 71
86 81
87 8
87 10
87 20
87 23
30 87
87 41
87 64
87 65
87 66
88 6
88 9
88 28
43 88
88 48
88 51
54 88
57 88
88 61
62 88
88 64
66 88
72 88
88 75
88 81
1 89
19 89
22 89
27 89
89 36
40 89
48 89
89 50
55 89
89 56
89 59
89 63
89 66
67 89
76 89
90 9
10 90
90 11
13 90
25 90
90 32
90 38
90 58
59 90
90 60
63 90
65 90
71 90
76 90
81 90
83 90
90 84
87 90
91 4
6 91
14 91
91 16
91 20
91 21
91 22
91 25
91 26
91 34
38 91
91 51
60 91
91 64
92 6
92 9
19 92
92 21
25 92
92 36
39 92
92 42
92 56
60 92
61 92
67 92
68 92
92 86
93 38
93 48
93 50
93 91
94 5
94 7
94 8
94 12
94 13
16 94
94 24
94 34
94 35
94 48
49 94
52 94
94 55
58 94
60 94
94 83
94 88
91 94
95 2
4 95
95 6
95 9
13 95
95 14
21 95
95 27
95 32
33 95
54 95
95 56
62 95
64 95
95 67
95 71
95 73
74 95
6 96
96 14
96 19
20 96
96 30
39 96
41 96
42 96
56 96
85 96
97 11
97 13
14 97
15 97
97 22
24 97
97 25
97 36
97 38
43 97
56 97
59 97
97 63
75 97
76 97
86 97
97 90
96 97
2 98
98 3
98 17
18 98
98 26
49 98
98 54
67 98
98 86
89 98
96 98
99 9
12 99
99 26
99 41
48 99
99 58
99 63
99 75
88 99
92 99
2 100
100 5
100 11
100 12
14 100
100 16
19 100
20 100
22 100
23 100
25 100
27 100
100 28
29 100
30 100
31 100
100 33
100 34
100 35
37 100
100 38
39 100
40 100
100 41
42 100
100 45
100 46
100 49
53 100
55 100
57 100
100 59
60 100
62 100
100 63
65 100
69 100
100 70
71 100
72 100
73 100
74 100
78 100
82 100
100 83
84 100
88 100
100 90
92 100
100 98
