100 130
6 4
5 11
15 11
18 1
28 29
30 25
32 31
9 37
37 20
8 39
39 23
40 9
13 40
46 32
46 44
32 48
50 23
34 50
36 50
53 21
21 55
57 11
58 12
42 60
61 10
61 32
64 20
39 64
65 15
1 66
18 66
64 66
67 30
68 61
16 69
10 71
24 71
71 52
54 71
53 72
18 74
74 23
3 75
75 60
76 72
59 77
78 59
75 78
30 79
80 33
81 30
81 36
60 81
82 61
80 82
83 50
57 83
84 16
84 38
84 54
73 84
80 85
86 60
77 86
87 3
22 87
58 87
89 83
52 90
90 63
76 90
92 11
92 68
92 73
68 93
17 94
94 86
88 95
17 96
60 96
97 27
13 99
99 42
99 62
100 4
5 100
100 6
8 100
100 12
100 18
22 100
100 23
24 100
25 100
100 27
100 28
100 29
31 100
100 33
34 100
38 100
100 39
100 44
48 100
55 100
100 60
100 62
100 63
64 100
100 65
100 66
100 67
100 68
100 69
100 75
100 79
100 80
81 100
83 100
85 100
86 100
100 87
88 100
89 100
100 90
92 100
100 93
95 100
97 100
100 99
