100 362
3 2
7 11
12 1
10 12
13 1
10 13
16 1
7 16
17 13
10 18
18 15
20 16
14 21
21 22
10 23
15 23
23 16
25 1
13 26
12 27
11 29
29 12
29 19
30 12
4 31
13 31
9 32
1 33
33 12
19 34
35 5
36 1
12 36
36 13
36 21
36 28
1 37
37 3
37 9
37 23
13 38
17 40
18 40
24 40
25 40
28 40
41 2
8 41
42 13
35 42
42 41
43 8
9 43
19 43
21 44
17 45
19 45
21 45
44 45
46 11
22 46
47 11
38 47
39 47
44 47
4 48
48 28
48 45
49 2
49 11
49 30
35 49
50 29
50 36
51 2
51 36
20 52
33 52
37 53
28 54
29 54
54 38
54 51
55 39
55 45
1 56
56 10
44 56
1 57
57 6
55 57
58 8
39 58
6 59
7 59
10 59
59 18
59 35
59 44
60 4
60 14
60 15
29 60
5 61
61 7
61 26
46 61
62 6
9 62
62 18
22 62
62 38
62 48
4 63
63 6
63 8
63 19
42 63
57 63
36 64
44 64
47 64
65 5
23 65
65 46
49 65
65 52
65 63
66 25
66 30
66 42
66 48
67 12
26 67
67 43
7 68
68 30
68 34
68 36
41 68
50 68
66 68
1 69
70 14
31 70
37 70
70 39
45 70
70 50
71 12
71 13
28 71
71 62
2 72
47 72
52 72
57 72
72 59
60 72
72 64
4 73
38 73
61 73
1 74
5 74
6 74
14 74
16 74
74 33
34 74
44 74
56 74
72 74
75 11
75 25
75 33
40 75
75 51
68 75
76 1
76 4
76 18
28 76
36 76
49 76
18 77
22 77
77 23
77 34
72 77
78 3
78 7
78 10
78 11
78 25
78 26
78 47
65 78
78 76
77 78
79 40
48 79
79 49
79 59
71 79
80 13
80 27
80 28
65 80
1 81
27 81
50 81
74 81
4 82
20 82
26 82
33 82
40 82
78 82
81 82
15 83
83 40
67 83
71 83
72 83
84 23
84 45
49 84
84 51
84 67
84 69
83 84
85 4
37 85
85 47
85 60
70 85
85 81
85 84
86 28
86 31
41 86
86 42
43 86
59 86
69 86
86 72
8 87
87 11
34 87
75 87
88 11
73 88
18 89
43 89
89 68
89 71
26 90
39 90
46 90
49 90
90 59
91 19
22 91
41 91
43 91
91 60
76 91
2 92
12 92
92 44
92 73
8 93
93 11
93 21
39 93
41 93
51 93
93 57
93 58
93 77
38 94
94 42
94 56
63 94
94 77
95 10
95 36
95 49
95 64
79 95
86 95
96 15
96 21
95 96
97 21
97 34
97 41
91 97
95 97
98 8
98 15
28 99
41 99
99 44
99 59
99 65
77 99
100 1
3 100
6 100
8 100
100 16
100 17
100 20
22 100
100 23
100 24
100 25
27 100
28 100
100 32
100 36
37 100
40 100
41 100
100 42
100 43
100 44
46 100
50 100
53 100
100 55
56 100
100 58
59 100
100 60
61 100
100 62
64 100
65 100
66 100
67 100
68 100
100 69
100 70
71 100
100 72
100 73
100 74
75 100
77 100
78 100
100 82
100 85
100 86
100 90
100 91
93 100
94 100
96 100
100 97
