99 395
7 5
2 8
4 9
9 11
3 12
14 3
14 4
15 7
7 16
12 16
17 7
18 2
17 20
20 19
21 5
19 21
23 1
6 24
24 20
25 7
8 26
27 13
26 27
15 28
21 28
22 28
28 26
14 29
30 4
14 30
28 30
6 31
9 31
5 32
7 32
8 32
23 32
25 32
34 22
34 27
3 35
36 3
36 5
15 36
14 37
16 37
23 37
9 38
38 17
39 9
39 18
40 27
33 40
34 40
7 41
9 41
41 16
39 41
8 42
42 12
26 42
42 30
43 6
43 17
43 26
43 30
37 43
41 43
42 43
1 44
2 44
27 44
44 43
1 45
45 2
45 5
45 14
45 25
34 45
46 15
16 46
33 46
47 6
24 47
47 35
47 44
47 46
10 48
39 48
49 4
20 49
32 49
50 4
9 50
50 22
50 38
39 50
40 50
1 51
51 26
51 36
51 41
51 45
5 52
49 52
51 52
4 53
18 53
53 19
53 23
25 53
33 53
52 53
54 5
39 54
54 50
55 38
3 56
56 5
56 25
36 56
4 57
8 57
57 13
57 18
38 57
51 57
57 52
58 3
7 58
58 10
14 58
4 59
59 12
59 36
53 60
61 1
61 18
61 28
38 61
61 54
61 55
62 12
62 30
31 62
56 62
63 26
63 29
35 63
37 63
54 63
63 57
37 64
64 63
65 1
11 65
65 34
37 65
39 65
65 41
65 52
56 65
61 65
66 23
66 24
33 66
66 48
66 60
43 67
59 67
65 67
7 68
68 10
68 13
22 68
68 23
24 68
68 25
68 31
34 68
60 68
69 8
69 15
69 22
69 30
69 51
54 69
55 69
10 70
25 70
28 70
33 70
34 70
70 41
70 49
56 70
71 4
71 5
7 71
11 71
71 13
17 71
36 71
71 49
71 69
72 9
72 41
72 45
48 73
54 73
63 73
74 20
22 74
35 74
36 74
75 18
21 75
30 75
75 41
75 46
69 75
75 71
1 76
76 9
17 76
54 76
61 76
76 67
8 77
14 77
16 77
77 18
77 30
77 35
57 77
77 58
78 21
78 23
78 32
78 72
79 5
61 79
65 79
70 79
79 75
2 80
80 23
39 80
42 80
51 80
57 80
80 63
75 80
76 80
81 6
9 81
33 81
47 81
61 81
66 81
79 81
4 82
9 82
82 10
82 12
34 82
82 39
44 82
25 83
83 28
83 42
50 83
61 83
83 66
2 84
32 84
53 84
77 84
19 85
22 85
85 39
49 85
85 62
71 85
2 86
15 86
86 47
86 48
86 62
86 72
86 78
7 87
16 87
87 63
68 87
78 87
87 82
88 1
88 14
50 88
55 88
88 65
88 67
73 88
88 75
8 89
89 28
89 49
58 89
65 89
66 89
77 89
89 78
89 84
90 22
40 90
48 90
64 90
70 90
88 90
1 91
91 7
18 91
91 22
91 35
50 91
91 74
79 91
91 81
92 2
5 92
29 92
35 92
37 92
92 67
92 72
92 78
92 81
92 84
5 93
30 93
65 93
93 66
93 68
93 90
1 94
94 9
10 94
53 94
59 94
94 64
78 94
3 95
14 95
95 58
95 60
65 95
95 80
95 83
85 95
95 90
96 39
51 96
96 55
63 96
96 70
96 71
97 3
10 97
97 14
24 97
63 97
97 71
97 84
97 87
97 93
31 98
52 98
54 98
56 98
98 63
65 98
98 67
69 98
78 98
98 96
99 4
19 99
99 39
40 99
99 47
56 99
58 99
65 99
99 81
