99 723
3 2
2 5
3 7
5 10
11 8
6 13
9 13
13 11
6 14
14 10
6 15
15 9
2 16
7 16
8 16
17 2
17 7
18 11
18 14
16 18
2 19
6 19
1 20
20 10
20 16
20 17
19 20
21 1
21 10
11 21
22 2
22 7
22 18
22 20
23 11
23 13
15 23
7 24
18 24
3 25
5 25
6 25
9 25
25 19
25 21
3 26
6 26
14 26
16 26
19 26
27 12
26 27
3 28
28 9
12 28
28 13
15 28
28 24
29 2
29 7
8 29
27 29
30 1
30 6
30 12
30 15
31 2
10 31
22 31
32 1
32 10
32 20
32 25
9 33
13 33
33 16
33 25
34 6
22 34
30 34
34 32
35 5
9 35
35 21
35 23
36 2
8 36
36 10
16 36
21 36
25 36
36 26
36 29
37 3
37 12
37 18
37 22
27 37
31 37
38 5
38 19
23 38
30 38
38 35
16 39
39 18
39 37
40 3
13 40
34 40
40 36
40 37
40 38
1 41
41 5
8 41
10 41
11 41
41 14
15 41
41 27
29 41
32 41
34 41
6 42
42 15
20 42
42 23
42 28
42 33
43 6
43 8
43 13
25 43
43 28
30 43
37 43
44 13
44 19
25 44
29 44
36 44
41 44
45 13
24 45
28 45
45 29
45 35
36 45
45 40
45 41
34 46
46 38
42 46
47 3
5 47
33 47
37 47
42 47
48 1
14 48
22 48
24 48
48 40
48 47
5 49
12 49
20 49
49 28
29 49
31 49
4 50
9 50
21 50
26 50
31 50
50 38
41 50
46 50
51 1
51 6
10 51
11 51
12 51
13 51
23 51
31 51
41 51
51 46
48 51
52 1
52 6
9 52
19 52
52 24
26 52
30 52
52 37
52 45
52 48
53 6
53 10
53 11
16 53
53 19
53 22
53 24
28 53
53 32
34 53
35 53
38 53
53 44
16 54
21 54
23 54
54 27
32 54
1 55
55 10
55 18
22 55
55 23
55 25
55 33
47 55
55 53
56 7
20 56
21 56
30 56
56 40
56 43
56 44
57 12
13 57
57 18
22 57
57 41
57 53
57 55
9 58
14 58
20 58
21 58
58 23
58 32
58 40
58 41
58 51
55 58
2 59
5 59
6 59
59 26
59 42
43 59
59 51
60 5
60 13
14 60
60 18
24 60
33 60
60 36
60 53
60 57
9 61
61 19
61 43
55 61
59 61
1 62
62 14
20 62
62 51
57 62
59 62
62 60
8 63
63 14
22 63
63 27
63 31
63 34
35 63
63 40
63 42
63 46
59 63
64 7
64 8
17 64
64 21
64 25
33 64
65 9
65 12
65 13
65 15
17 65
65 23
38 65
39 65
65 43
65 45
46 65
56 65
57 65
65 63
66 1
13 66
66 30
66 40
47 66
66 48
56 66
61 66
66 64
65 66
11 67
13 67
15 67
22 67
67 32
36 67
67 59
63 67
68 3
68 4
5 68
8 68
68 10
13 68
19 68
20 68
68 28
29 68
68 49
53 68
58 68
69 1
5 69
6 69
69 7
13 69
69 30
69 34
40 69
49 69
2 70
11 70
12 70
18 70
70 22
70 26
28 70
32 70
70 40
48 70
70 49
54 70
56 70
70 57
70 59
70 61
69 70
1 71
17 71
71 23
41 71
42 71
55 71
71 60
62 71
72 9
72 15
72 20
72 21
72 25
72 27
59 72
70 72
26 73
29 73
34 73
73 36
42 73
59 73
60 73
73 61
3 74
74 10
74 12
74 69
71 74
9 75
11 75
22 75
25 75
75 31
75 32
36 75
75 42
56 75
59 75
75 62
75 64
7 76
8 76
76 17
19 76
76 31
76 41
76 47
57 76
65 76
74 76
77 4
77 30
77 37
50 77
55 77
77 60
70 77
78 14
78 48
78 51
78 63
78 69
70 78
7 79
79 10
79 15
18 79
79 22
25 79
79 30
79 31
79 34
79 55
79 61
79 63
65 79
79 72
77 79
80 7
14 80
17 80
20 80
80 21
80 35
80 37
80 38
80 41
44 80
54 80
80 55
60 80
80 64
72 80
80 78
81 3
81 7
81 9
15 81
81 37
41 81
81 42
81 43
48 81
81 54
59 81
66 81
67 81
71 81
72 81
79 81
81 80
82 2
6 82
9 82
82 22
82 25
27 82
82 29
82 32
66 82
82 78
5 83
17 83
21 83
28 83
33 83
83 46
48 83
67 83
83 70
71 83
75 83
84 2
84 6
84 7
84 19
84 20
84 22
23 84
30 84
42 84
84 43
84 45
84 52
84 68
84 78
1 85
85 9
11 85
85 24
30 85
39 85
45 85
46 85
85 56
85 71
85 77
79 85
86 4
7 86
9 86
86 15
86 36
86 45
50 86
86 63
65 86
66 86
77 86
83 86
87 1
87 2
87 8
87 17
87 23
87 26
87 29
87 37
87 42
43 87
87 51
87 60
87 64
87 84
15 88
17 88
88 32
88 39
43 88
88 45
88 50
88 73
75 88
76 88
88 78
88 85
13 89
89 16
89 21
89 33
41 89
43 89
53 89
89 66
89 70
89 77
86 89
87 89
90 8
9 90
90 13
19 90
20 90
90 23
47 90
54 90
90 64
90 70
77 90
90 88
89 90
91 9
16 91
21 91
32 91
33 91
34 91
91 38
91 45
91 48
59 91
91 60
91 66
91 73
79 91
17 92
19 92
92 23
92 32
92 33
39 92
92 41
92 43
92 47
92 54
92 55
64 92
92 68
92 75
92 87
92 88
93 3
93 7
23 93
28 93
38 93
42 93
93 68
94 4
94 10
94 12
18 94
94 23
25 94
94 26
29 94
94 34
94 36
45 94
51 94
94 52
94 54
56 94
58 94
61 94
94 63
94 79
94 80
94 93
95 12
95 13
27 95
95 34
95 39
41 95
42 95
95 49
95 50
95 83
95 94
96 8
16 96
17 96
19 96
96 25
29 96
38 96
39 96
96 41
96 43
96 46
62 96
66 96
96 74
96 82
88 96
97 4
97 12
18 97
97 27
97 32
97 37
41 97
42 97
97 43
97 46
97 49
55 97
97 61
97 77
98 1
5 98
98 7
9 98
98 12
16 98
98 21
98 25
27 98
41 98
98 47
98 62
79 98
98 83
89 98
99 4
6 99
19 99
23 99
27 99
45 99
99 46
99 48
99 50
99 53
58 99
99 61
62 99
63 99
68 99
99 74
88 99
90 99
99 92
95 99
