99 151
1 6
2 7
11 8
12 3
13 12
3 15
4 16
19 8
12 20
26 17
28 11
30 17
1 34
2 34
35 2
35 18
23 36
32 36
37 17
19 37
37 22
6 38
16 39
17 39
39 37
41 3
15 42
29 43
43 30
35 44
25 46
46 32
5 47
47 36
48 3
26 48
48 31
48 46
49 18
49 23
50 13
40 50
51 1
52 19
20 52
55 19
31 55
46 55
56 14
56 51
57 16
35 58
42 58
58 48
41 59
48 59
43 60
50 60
60 54
60 55
12 61
61 33
58 62
63 61
23 64
65 57
8 66
66 24
29 66
66 46
67 19
6 68
68 11
18 68
68 22
68 47
54 68
68 65
69 18
28 69
69 30
69 49
70 30
71 50
42 72
52 72
6 73
20 73
63 73
64 73
74 20
23 74
34 74
54 74
76 42
58 76
50 77
72 78
79 7
79 17
79 50
80 6
80 11
13 81
16 81
81 23
81 69
27 83
83 36
63 84
85 39
86 5
86 58
86 61
64 86
80 86
18 87
87 67
87 72
87 76
88 21
74 88
25 89
89 27
89 66
71 89
90 6
90 19
7 91
32 91
48 91
18 92
92 76
92 82
84 92
93 69
93 76
94 73
94 92
95 2
95 39
95 69
96 33
81 96
97 27
97 44
97 81
97 92
28 99
34 99
99 76
