99 375
3 5
1 7
8 1
1 9
2 10
10 6
8 11
7 13
15 9
15 10
9 16
16 10
1 17
17 5
17 15
1 18
10 18
18 16
18 17
19 17
20 3
13 20
20 15
12 21
16 21
1 22
22 3
12 22
1 23
24 7
24 16
2 25
25 8
22 25
1 26
26 25
14 27
28 3
4 29
19 29
30 3
31 11
32 16
32 25
32 31
33 9
33 10
32 33
18 34
26 34
33 34
2 35
35 4
13 35
31 35
36 6
36 12
36 21
28 36
30 36
5 37
18 37
37 25
37 29
38 14
38 29
13 39
14 39
39 20
39 24
36 39
5 40
40 27
29 40
33 40
35 40
41 4
42 1
42 8
42 11
25 42
31 42
43 1
43 34
44 18
44 23
44 34
44 37
2 45
25 45
45 38
46 2
18 46
47 16
47 23
29 47
47 35
48 10
20 48
48 43
49 29
17 50
29 50
50 36
40 50
46 50
48 50
51 8
10 51
15 51
51 20
33 51
38 51
42 52
53 2
53 20
53 26
32 53
54 26
55 5
47 55
55 54
40 56
4 57
14 57
57 33
57 34
57 42
32 58
58 39
58 53
9 59
59 17
41 59
14 60
60 24
60 31
57 60
61 25
61 31
62 5
22 62
36 62
45 62
6 63
63 24
63 30
63 36
40 63
63 58
61 63
64 6
23 64
31 64
37 64
64 43
64 49
64 54
64 57
65 22
24 65
33 65
65 41
47 65
66 8
15 66
65 66
5 67
6 67
67 26
67 38
67 46
67 54
68 11
18 68
32 68
68 44
68 60
69 3
69 9
69 24
34 69
51 69
53 69
70 12
70 13
25 70
27 70
70 29
70 38
70 42
70 60
71 33
72 2
72 25
72 26
33 72
53 72
1 73
73 4
73 11
73 15
73 21
73 32
37 73
74 7
17 74
30 74
36 74
74 41
74 45
74 50
74 58
64 74
66 74
74 71
72 74
75 7
10 75
75 30
75 34
75 44
75 46
75 54
13 76
76 22
76 26
76 30
56 76
76 75
77 32
77 39
77 47
77 53
67 77
1 78
78 6
24 78
29 78
78 39
78 63
78 69
79 24
28 79
79 36
39 79
43 79
79 78
5 80
80 7
80 12
23 80
42 80
80 49
80 63
81 29
57 81
82 29
51 82
65 82
69 82
7 83
25 83
32 83
83 36
83 37
38 83
43 83
45 83
76 83
9 84
84 18
84 31
84 35
38 84
84 54
84 67
84 77
84 83
85 2
85 29
85 46
85 50
85 57
8 86
86 60
86 69
87 2
87 26
28 87
87 32
87 40
87 44
66 87
73 87
87 77
88 21
88 26
37 88
88 74
89 7
89 30
89 35
56 89
70 89
82 89
89 84
90 28
35 90
39 90
90 62
7 91
29 91
30 91
91 36
91 39
91 47
91 51
91 62
91 72
12 92
27 92
34 92
42 92
49 92
76 92
92 88
93 11
25 93
93 33
93 35
93 55
70 93
93 77
43 94
51 94
3 95
95 7
19 95
95 26
95 37
54 95
70 95
95 75
78 95
10 96
11 96
50 96
96 65
66 96
96 71
82 96
96 83
96 85
97 20
32 97
97 45
62 97
97 68
76 97
84 97
18 98
98 19
26 98
49 98
63 98
68 98
98 96
3 99
22 99
99 29
73 99
79 99
99 88
96 99
