99 599
6 2
7 2
7 4
7 5
3 9
11 5
1 12
4 13
13 5
15 10
15 11
16 2
9 16
12 16
2 17
4 17
6 17
10 18
18 11
18 17
19 7
9 19
19 11
19 18
20 18
16 21
22 18
22 19
21 22
23 3
10 23
24 2
9 24
15 24
25 7
25 10
25 11
25 24
26 2
26 6
26 7
26 16
12 27
28 3
9 28
28 19
28 21
28 24
29 7
29 13
5 30
30 9
30 18
30 28
3 31
5 31
6 31
10 31
31 19
4 32
12 32
32 24
25 32
33 2
14 33
33 20
33 32
1 34
34 9
34 14
35 3
35 8
35 10
32 35
33 35
11 36
16 36
36 20
37 7
20 37
29 37
37 36
3 38
38 6
14 38
38 16
20 38
28 38
34 38
3 39
29 39
35 39
40 4
5 40
40 8
9 40
13 40
40 26
40 31
40 33
40 37
40 38
40 39
11 41
14 41
22 41
30 41
39 41
42 8
42 12
16 42
42 24
42 33
42 34
10 43
11 43
43 13
43 22
24 43
31 43
43 38
43 39
3 44
44 8
44 9
44 11
12 44
44 18
22 44
23 44
44 30
44 35
44 39
44 43
1 45
45 2
8 45
10 45
45 24
45 28
29 45
2 46
3 46
17 46
46 30
39 46
45 46
47 1
11 47
43 47
48 1
48 27
48 34
11 49
25 49
32 49
33 49
49 38
9 50
50 15
1 51
7 51
51 13
33 51
35 51
51 46
51 47
51 50
52 6
52 12
15 52
52 30
31 52
37 52
52 41
53 19
24 53
28 53
40 53
53 46
53 50
53 52
3 54
54 4
6 54
54 8
28 54
34 54
54 48
55 2
10 55
15 55
55 22
25 55
55 30
45 55
55 46
55 47
56 8
11 56
19 56
21 56
34 56
46 56
48 56
56 51
55 56
5 57
16 57
39 57
57 45
51 57
4 58
58 5
58 6
10 58
29 58
58 31
58 36
58 47
50 58
59 6
7 59
17 59
59 33
60 3
7 60
9 60
31 60
60 36
60 53
61 3
18 61
22 61
61 24
61 25
61 30
61 48
61 52
58 61
59 61
62 5
62 14
62 26
27 62
62 31
40 62
43 62
62 47
49 62
2 63
12 63
21 63
26 63
42 63
63 49
62 63
10 64
64 13
18 64
64 22
64 48
58 64
64 59
65 12
65 15
65 19
25 65
54 65
65 62
66 2
15 66
42 66
66 49
64 66
67 2
67 6
13 67
20 67
67 22
33 67
43 67
67 46
67 55
12 68
68 40
69 2
69 4
69 8
69 12
69 15
20 69
69 28
34 69
36 69
69 38
69 39
69 57
70 1
7 70
70 13
16 70
18 70
23 70
31 70
70 39
44 70
46 70
57 70
59 70
69 70
2 71
16 71
24 71
52 71
4 72
5 72
12 72
20 72
21 72
23 72
72 38
72 40
45 72
51 72
56 72
61 72
73 3
7 73
12 73
73 29
44 73
73 46
73 49
73 60
73 62
72 73
9 74
14 74
28 74
29 74
32 74
74 35
61 74
64 74
74 67
74 69
75 3
6 75
75 11
16 75
21 75
75 51
58 75
63 75
15 76
76 19
76 21
76 28
76 30
76 31
76 45
76 49
52 76
54 76
62 76
77 4
22 77
31 77
35 77
77 53
16 78
24 78
78 52
59 78
78 66
67 78
68 78
10 79
79 16
79 21
79 41
53 79
79 64
67 79
2 80
5 80
80 18
22 80
46 80
80 47
50 80
65 80
66 80
80 69
80 72
12 81
81 21
27 81
34 81
36 81
51 81
81 57
81 65
67 81
81 71
81 74
77 81
1 82
7 82
82 20
28 82
82 29
35 82
36 82
82 52
82 54
82 61
82 65
82 66
82 67
82 69
83 2
13 83
16 83
21 83
83 31
83 41
83 52
65 83
83 68
83 76
11 84
84 31
32 84
35 84
84 38
84 43
47 84
56 84
84 59
60 84
67 84
11 85
85 12
28 85
41 85
54 85
65 85
85 67
85 74
75 85
76 85
80 85
43 86
64 86
7 87
10 87
16 87
87 29
34 87
36 87
65 87
87 68
87 73
5 88
88 16
32 88
33 88
35 88
88 38
88 41
88 51
57 88
88 58
66 88
68 88
72 88
79 88
10 89
16 89
28 89
39 89
49 89
55 89
60 89
89 62
63 89
89 73
89 80
83 89
89 85
90 2
24 90
90 40
90 41
53 90
90 84
8 91
91 10
91 14
24 91
91 38
50 91
91 52
91 64
88 91
92 7
18 92
20 92
21 92
33 92
39 92
92 43
75 92
82 92
84 92
92 89
2 93
93 4
26 93
93 29
93 31
93 36
93 47
56 93
57 93
63 93
87 93
92 93
94 1
94 5
94 16
28 94
94 29
94 36
43 94
52 94
54 94
58 94
59 94
65 94
68 94
85 94
88 94
95 17
24 95
95 32
33 95
53 95
58 95
95 59
95 62
95 68
73 95
95 76
95 79
95 82
95 86
96 7
21 96
96 22
96 26
96 29
96 33
35 96
96 37
96 44
51 96
53 96
93 96
97 18
97 30
97 37
38 97
97 63
97 65
86 97
32 98
98 47
98 52
60 98
61 98
65 98
73 98
77 98
86 98
88 98
4 99
99 5
20 99
99 22
25 99
45 99
99 51
59 99
99 67
75 99
99 89
