99 823
3 1
5 4
8 2
8 3
9 4
4 10
7 10
2 11
11 3
11 8
10 11
12 2
11 12
1 13
14 10
14 12
5 15
15 8
11 15
3 16
16 8
2 17
19 2
19 5
16 19
19 18
20 1
3 20
8 20
20 10
20 12
20 14
20 18
21 7
9 21
11 21
4 22
22 8
12 22
23 2
23 18
21 23
2 24
24 20
1 25
5 25
7 25
25 10
9 26
10 26
11 26
26 13
15 26
26 16
19 26
26 21
26 24
27 15
27 20
24 27
27 25
26 27
28 1
28 19
28 20
28 26
27 29
29 28
30 3
30 7
31 5
31 8
32 3
8 32
32 14
17 32
32 18
32 29
5 33
16 33
33 30
32 33
34 22
34 32
35 3
8 35
35 13
17 35
20 36
23 36
25 36
36 31
36 32
33 36
37 5
7 37
37 8
37 11
14 37
37 15
24 37
25 37
30 37
35 37
3 38
38 19
38 20
38 21
22 38
38 25
26 38
38 30
38 35
36 38
39 2
39 5
6 39
39 19
27 39
39 32
40 5
40 9
10 40
40 19
21 40
22 40
33 40
40 37
41 6
41 9
10 41
13 41
41 16
17 41
23 41
27 41
39 41
42 7
42 8
16 42
42 17
42 40
43 1
3 43
4 43
9 43
17 43
25 43
28 43
43 29
32 43
43 33
34 43
43 36
39 43
41 43
44 8
44 17
24 44
34 44
44 35
44 38
45 1
2 45
4 45
45 7
11 45
45 16
17 45
45 20
22 45
45 23
45 26
45 27
32 45
45 35
45 40
45 44
46 5
46 10
46 16
18 46
21 46
25 46
47 6
7 47
12 47
47 18
36 47
47 41
42 47
47 45
48 2
48 7
15 48
17 48
24 48
48 26
48 33
48 37
48 38
48 41
48 42
48 45
46 48
49 1
25 49
49 30
49 34
35 49
39 49
49 41
49 42
49 43
49 44
50 4
50 8
14 50
17 50
50 23
24 50
31 50
36 50
42 50
50 44
51 3
51 10
51 12
51 19
51 29
51 30
51 33
51 35
51 36
39 51
51 41
51 43
9 52
52 10
52 12
16 52
24 52
34 52
52 41
52 42
53 8
53 9
53 14
15 53
17 53
53 20
53 26
37 53
41 53
53 42
53 43
44 53
53 52
4 54
54 18
54 21
22 54
33 54
37 54
54 38
52 54
55 5
55 6
55 11
55 17
19 55
22 55
30 55
55 31
42 55
43 55
55 46
47 55
54 55
56 4
56 6
12 56
56 27
28 56
34 56
56 45
46 56
56 52
57 1
57 13
57 15
57 16
23 57
57 26
31 57
32 57
57 35
57 48
57 54
11 58
58 13
58 16
58 17
22 58
23 58
58 34
58 38
58 41
42 58
55 58
59 34
59 41
59 44
45 59
59 46
59 51
54 59
1 60
60 5
38 60
49 60
59 60
61 1
8 61
12 61
61 20
27 61
61 37
60 61
4 62
9 62
17 62
22 62
62 23
35 62
62 38
44 62
62 57
61 62
8 63
17 63
63 21
63 28
63 30
33 63
63 40
44 63
45 63
53 63
63 56
64 3
64 12
64 19
64 23
64 27
41 64
42 64
64 47
64 52
64 54
58 64
63 64
1 65
2 65
65 5
65 10
65 12
16 65
65 18
30 65
37 65
65 41
46 65
65 54
65 58
65 62
63 65
3 66
9 66
66 23
66 24
66 27
66 57
66 61
62 66
3 67
16 67
28 67
30 67
38 67
67 39
67 47
51 67
67 62
10 68
68 19
23 68
26 68
40 68
68 44
46 68
56 68
61 68
66 68
3 69
6 69
7 69
24 69
25 69
31 69
69 40
69 41
69 45
46 69
48 69
69 65
70 5
6 70
70 18
19 70
23 70
25 70
26 70
70 38
70 39
45 70
46 70
51 70
55 70
70 66
67 70
70 68
71 11
14 71
31 71
34 71
71 35
71 37
44 71
71 54
55 71
71 57
59 71
60 71
62 71
67 71
71 68
71 69
72 38
49 72
72 60
64 72
65 72
67 72
70 72
3 73
7 73
8 73
10 73
73 18
73 20
73 30
73 41
42 73
45 73
73 50
56 73
73 58
73 60
71 73
74 1
74 11
74 17
74 18
74 21
74 23
24 74
28 74
29 74
74 36
4 75
21 75
33 75
75 50
75 57
75 65
71 75
3 76
4 76
76 15
76 19
21 76
28 76
32 76
76 41
76 44
76 45
47 76
76 49
76 64
76 70
11 77
77 18
77 28
77 49
77 58
61 77
63 77
77 67
68 77
73 77
11 78
19 78
78 22
27 78
78 30
78 37
78 40
78 44
78 45
55 78
78 59
65 78
67 78
69 78
78 72
78 73
2 79
3 79
17 79
79 24
29 79
79 36
79 39
40 79
41 79
47 79
52 79
79 57
58 79
61 79
79 71
74 79
78 79
1 80
80 4
80 6
80 13
80 16
80 23
27 80
80 30
80 32
40 80
42 80
80 47
51 80
59 80
67 80
80 72
77 80
12 81
16 81
81 22
27 81
30 81
81 32
81 40
81 50
58 81
60 81
81 65
81 67
73 81
10 82
15 82
16 82
24 82
41 82
43 82
82 54
82 61
82 63
72 82
80 82
83 3
83 11
83 15
83 35
37 83
42 83
55 83
59 83
60 83
83 70
83 81
82 83
13 84
16 84
84 20
84 32
84 44
84 49
56 84
60 84
84 67
84 74
84 75
8 85
85 9
27 85
29 85
85 36
85 37
85 50
85 52
55 85
85 63
85 69
76 85
79 85
85 80
2 86
9 86
10 86
22 86
26 86
29 86
86 38
86 42
47 86
55 86
56 86
86 65
86 67
71 86
4 87
87 8
10 87
14 87
15 87
22 87
87 27
32 87
61 87
71 87
78 87
79 87
87 83
84 87
85 87
6 88
11 88
88 14
88 20
88 25
28 88
43 88
58 88
88 59
68 88
88 69
71 88
88 81
88 83
5 89
13 89
89 17
18 89
89 22
25 89
89 32
89 36
89 39
42 89
52 89
55 89
68 89
78 89
2 90
5 90
13 90
90 18
26 90
90 31
34 90
90 41
54 90
90 61
90 62
64 90
66 90
90 79
81 90
91 3
91 6
7 91
14 91
24 91
29 91
91 34
40 91
91 47
52 91
53 91
91 55
58 91
67 91
91 74
5 92
92 8
13 92
92 14
92 33
92 37
92 38
40 92
92 47
92 49
53 92
92 54
92 65
92 82
85 92
86 92
89 92
90 92
93 5
21 93
93 28
39 93
44 93
93 50
52 93
57 93
81 93
93 84
5 94
6 94
9 94
19 94
94 20
94 37
49 94
55 94
77 94
81 94
94 82
85 94
88 94
94 93
95 5
95 13
14 95
95 20
95 23
95 35
36 95
38 95
95 57
63 95
71 95
84 95
2 96
96 10
11 96
15 96
18 96
96 26
29 96
96 33
40 96
56 96
59 96
96 68
79 96
96 90
96 95
97 14
97 24
97 30
97 50
51 97
97 57
70 97
97 71
85 97
3 98
98 4
98 6
98 10
98 11
20 98
98 28
34 98
98 39
52 98
56 98
98 57
60 98
98 65
66 98
75 98
98 76
94 98
98 97
6 99
18 99
99 20
28 99
99 30
99 33
99 34
99 50
99 54
66 99
99 68
73 99
75 99
99 77
99 78
99 82
99 98
