99 251
5 4
10 2
11 3
8 11
5 13
15 10
9 16
15 16
17 6
17 8
17 16
18 7
7 20
20 14
7 21
21 9
10 21
3 22
7 22
14 22
25 13
26 16
27 2
10 27
27 26
3 28
4 28
7 29
21 31
32 11
13 32
29 33
12 34
34 26
35 10
35 18
33 35
35 34
37 9
34 37
5 38
39 6
40 4
13 40
40 16
24 41
29 41
42 12
42 16
42 18
30 42
42 37
10 43
38 44
31 45
8 46
47 5
7 47
44 47
4 48
48 6
48 27
49 1
49 25
49 26
49 40
45 49
10 50
25 50
23 51
51 52
20 53
53 34
40 53
51 53
54 37
55 4
7 55
14 56
56 16
56 20
34 56
57 23
54 58
58 56
59 40
59 50
59 56
58 59
60 2
60 4
5 60
16 60
60 24
34 60
43 60
1 61
62 31
62 53
62 56
21 63
63 52
63 59
64 8
64 24
64 58
65 6
24 65
65 50
65 51
9 66
55 66
64 68
69 10
69 35
58 69
64 69
41 70
53 70
69 70
46 71
71 50
12 72
41 72
72 69
73 9
73 22
73 31
73 70
7 74
74 11
74 29
74 65
75 17
25 75
28 75
75 29
75 65
76 1
11 76
19 76
56 77
65 77
78 2
78 5
78 11
32 78
40 78
47 78
78 62
79 40
47 79
57 79
63 79
10 80
20 80
27 80
32 80
80 45
50 80
43 81
45 81
81 55
81 62
42 82
82 74
63 83
46 84
79 84
36 85
85 60
85 84
86 3
6 86
86 21
86 26
67 86
86 75
76 86
16 87
87 39
87 50
87 56
64 87
87 67
88 8
14 88
63 88
89 18
25 89
89 28
30 89
89 36
51 89
89 62
90 30
90 58
89 90
3 91
57 91
72 91
89 91
10 92
92 23
77 92
92 88
26 93
93 28
93 82
94 3
26 94
50 94
68 94
75 94
94 87
12 95
95 23
48 95
95 50
95 57
95 58
95 75
95 80
82 95
88 95
96 10
18 96
26 96
96 27
96 43
59 96
96 67
68 96
69 96
97 12
19 97
97 70
87 97
95 97
13 98
18 98
22 98
24 98
98 40
98 46
61 98
98 71
98 73
93 98
98 97
99 25
