99 371
2 3
5 7
4 10
11 1
3 11
11 6
10 11
8 13
15 8
16 3
11 16
17 3
8 17
12 17
20 15
8 21
10 21
21 13
20 21
22 14
22 18
23 11
23 12
24 6
14 24
19 24
16 25
26 4
26 19
27 3
27 13
24 28
29 5
31 1
13 32
24 32
33 1
33 5
6 33
33 28
29 33
34 6
34 21
5 35
21 35
32 35
5 36
36 13
10 37
34 37
13 38
4 39
39 22
24 39
39 33
40 15
4 41
41 22
41 24
33 41
42 5
12 42
16 42
42 34
1 43
43 18
44 10
22 44
30 44
17 45
45 32
46 8
46 17
20 46
46 22
47 4
22 47
23 47
47 37
47 41
5 48
48 27
46 48
3 49
17 49
49 27
39 49
48 49
33 50
50 35
51 9
51 12
17 51
39 51
49 51
50 51
52 32
46 52
43 53
53 48
6 54
40 54
54 48
51 54
55 14
55 21
41 55
53 55
12 56
28 56
36 56
56 43
51 56
10 57
14 57
57 29
57 47
57 51
2 58
58 10
58 14
58 17
26 58
58 42
52 58
2 59
59 15
59 16
33 59
41 59
60 29
60 31
60 39
56 60
29 61
61 37
37 62
43 62
62 44
2 63
63 4
63 9
63 10
63 22
63 28
63 36
46 63
54 63
13 64
33 64
35 64
48 64
65 16
65 36
37 65
65 53
60 65
6 66
66 30
48 66
66 52
66 60
6 67
67 20
23 67
67 24
67 33
67 43
67 63
13 68
68 18
41 68
59 68
68 66
7 69
20 69
69 23
32 69
69 34
35 69
55 69
56 69
70 38
70 41
48 70
70 61
66 70
67 70
71 31
34 71
71 37
71 40
71 50
56 71
63 71
72 1
5 72
8 72
72 13
72 23
60 72
73 6
73 13
16 73
32 73
73 44
73 48
73 49
73 53
56 73
73 60
73 63
74 15
74 31
75 16
38 75
73 75
76 7
24 76
76 29
34 76
77 17
59 77
30 78
39 78
78 44
78 45
46 78
78 51
78 53
3 79
79 31
43 79
79 52
55 79
79 74
80 7
80 14
80 30
80 46
80 72
25 81
81 26
81 30
47 81
81 52
81 53
76 81
82 6
7 82
11 82
82 18
82 27
82 48
82 54
82 65
80 82
83 33
83 44
65 83
84 1
84 7
10 84
13 84
19 84
75 84
2 85
85 11
14 85
55 85
85 71
86 1
86 12
86 15
69 86
75 86
82 86
7 87
21 87
30 87
87 34
87 44
87 77
82 87
87 86
88 7
88 20
88 21
88 26
88 27
88 34
57 88
84 88
89 22
89 54
89 80
89 81
26 90
37 90
90 63
90 65
90 76
2 91
14 91
91 29
91 33
50 91
79 91
8 92
92 35
92 43
92 60
92 65
75 92
92 91
93 37
93 65
68 93
93 71
93 90
13 94
94 58
94 65
95 31
50 95
95 60
69 95
83 95
95 86
93 95
96 14
96 36
96 41
59 96
96 92
97 1
3 97
7 97
12 97
97 18
97 31
46 97
61 97
97 71
73 97
84 97
97 91
97 93
97 94
98 1
98 3
8 98
98 24
55 98
60 98
98 62
98 70
72 98
79 98
98 91
99 3
8 99
99 46
99 48
55 99
66 99
99 70
72 99
99 82
99 83
99 93
