99 699
1 3
5 7
4 8
3 10
13 4
5 13
13 6
9 14
14 12
14 13
15 14
16 7
9 16
6 17
13 17
5 18
9 18
14 18
5 19
19 8
16 19
20 1
20 13
20 16
20 19
21 18
22 1
4 22
22 16
22 20
8 23
24 15
23 24
12 25
25 16
25 18
20 25
22 25
26 3
11 26
18 26
3 27
18 27
8 28
28 10
28 15
28 19
28 22
28 23
28 26
12 29
14 29
29 15
29 16
29 20
27 29
30 17
24 30
31 8
31 9
31 18
31 25
31 26
32 11
32 16
32 21
32 26
33 10
13 33
14 33
15 33
33 29
34 1
3 34
11 34
34 13
34 24
8 35
35 22
32 35
36 19
34 36
37 2
8 37
38 4
19 38
38 30
39 9
13 39
39 36
38 39
6 40
17 40
40 19
21 40
40 31
32 40
16 41
22 41
41 25
29 41
41 31
1 42
42 28
42 34
38 42
42 39
42 41
43 2
14 43
43 25
44 8
44 13
44 21
44 22
23 44
44 31
44 37
45 5
45 8
45 15
26 45
27 45
29 45
45 44
46 6
14 46
46 22
24 46
46 25
30 46
36 46
37 46
44 46
47 5
47 8
15 47
20 47
47 34
47 43
44 47
46 47
1 48
48 10
19 48
21 48
48 22
25 48
28 48
48 32
48 38
48 41
3 49
49 10
12 49
49 19
49 20
41 49
7 50
19 50
20 50
50 29
30 50
50 43
48 50
51 8
10 51
21 51
33 51
51 34
51 40
46 51
52 1
52 4
52 9
14 52
19 52
52 28
52 30
32 52
39 52
52 42
52 47
6 53
53 10
11 53
15 53
53 25
26 53
28 53
53 36
39 53
40 53
54 2
7 54
13 54
54 23
54 38
54 39
44 54
54 51
5 55
8 55
55 18
24 55
55 25
55 26
30 55
36 55
37 55
56 5
28 56
56 41
56 46
56 51
56 53
54 56
57 15
57 17
57 33
57 47
50 57
58 3
6 58
58 7
58 11
58 19
58 22
58 30
58 37
43 58
58 46
58 52
54 58
59 4
6 59
59 9
13 59
59 27
28 59
59 30
59 42
59 45
46 59
59 49
59 52
59 56
60 3
4 60
60 7
13 60
14 60
60 19
25 60
39 60
60 49
55 60
4 61
9 61
61 19
61 20
24 61
29 61
61 30
33 61
61 38
40 61
61 49
61 50
61 52
57 61
62 9
62 23
62 25
40 62
62 49
50 62
1 63
63 14
24 63
25 63
32 63
63 40
46 63
50 63
51 63
61 63
64 8
64 16
25 64
64 26
64 35
38 64
64 39
42 64
64 49
64 58
59 64
64 61
65 1
65 4
7 65
65 23
30 65
65 43
65 46
65 62
66 6
19 66
66 22
32 66
66 33
44 66
66 45
50 66
57 66
58 66
60 66
64 66
1 67
5 67
19 67
67 29
67 33
67 39
67 40
42 67
55 67
67 58
61 67
68 5
14 68
68 29
31 68
40 68
51 68
7 69
21 69
25 69
37 69
69 41
69 42
43 69
45 69
46 69
48 69
69 59
68 69
7 70
70 18
21 70
70 23
25 70
70 26
70 41
70 51
70 53
64 70
3 71
5 71
27 71
71 46
71 50
71 58
71 63
65 71
66 71
2 72
72 28
30 72
72 34
72 45
72 46
72 59
72 63
72 64
73 1
73 2
73 3
73 5
73 9
73 10
11 73
14 73
16 73
23 73
73 29
33 73
36 73
73 43
50 73
73 51
73 52
55 73
69 73
3 74
74 7
74 12
13 74
74 20
74 29
74 41
74 43
47 74
49 74
74 54
55 74
74 68
13 75
75 17
75 20
75 29
75 31
75 33
47 75
75 48
50 75
52 75
55 75
3 76
76 11
13 76
42 76
58 76
68 76
73 76
77 3
5 77
7 77
77 22
77 26
77 34
40 77
77 48
77 54
77 60
77 65
77 68
69 77
77 71
78 6
78 8
19 78
26 78
78 27
78 33
42 78
78 50
78 51
67 78
78 68
78 73
78 76
77 78
7 79
9 79
79 12
79 16
18 79
79 41
79 49
79 50
79 70
77 79
80 3
80 7
13 80
19 80
21 80
80 23
28 80
80 31
32 80
80 39
80 44
68 80
80 74
76 80
80 77
81 2
81 11
24 81
27 81
48 81
69 81
81 72
73 81
75 81
6 82
8 82
10 82
28 82
82 29
82 47
82 48
58 82
60 82
67 82
83 4
6 83
83 20
83 23
83 26
83 32
83 45
51 83
83 55
66 83
83 77
83 82
84 22
37 84
84 38
84 39
84 47
84 52
56 84
84 59
84 60
76 84
84 78
17 85
45 85
50 85
54 85
85 75
79 85
82 85
86 1
86 5
20 86
30 86
86 31
38 86
86 49
86 51
79 86
86 81
82 86
87 6
87 9
87 20
87 30
46 87
87 50
87 53
64 87
66 87
88 6
88 16
88 18
88 19
20 88
21 88
88 49
88 61
88 63
69 88
70 88
74 88
88 82
88 84
89 26
89 31
89 34
89 37
89 41
59 89
89 65
66 89
70 89
89 71
89 81
86 89
90 5
90 8
11 90
14 90
32 90
90 47
52 90
71 90
78 90
80 90
91 4
11 91
91 18
19 91
91 29
38 91
91 48
91 69
91 72
91 81
91 89
90 91
92 6
10 92
92 38
92 41
49 92
51 92
92 62
66 92
92 79
13 93
93 16
18 93
22 93
32 93
93 34
93 36
42 93
93 43
53 93
93 60
66 93
93 68
76 93
77 93
88 93
90 93
93 91
94 6
94 7
13 94
16 94
94 56
57 94
94 75
94 81
89 94
95 14
95 21
95 23
30 95
42 95
95 43
95 62
95 68
71 95
77 95
95 92
2 96
9 96
96 12
96 18
31 96
45 96
96 65
96 66
72 96
96 85
94 96
97 3
97 6
97 55
70 97
97 86
9 98
98 15
18 98
23 98
37 98
98 41
44 98
53 98
55 98
98 60
98 64
98 65
75 98
98 77
78 98
98 80
85 98
86 98
89 98
94 98
99 3
99 8
99 18
99 19
21 99
99 24
99 28
31 99
55 99
57 99
69 99
99 74
80 99
86 99
87 99
91 99
99 92
99 94
95 99
99 98
