2 1 30
3 2 25
4 1 55
5 3 24
6 5 20
7 2 81
8 1 46
9 4 69
10 4 95
11 2 89
12 9 58
13 7 15
14 11 4
15 10 87
16 10 29
17 15 7
18 1 19
19 2 93
20 5 83
21 9 32
22 15 23
23 1 8
24 22 79
25 14 82
26 15 49
27 25 10
28 9 35
29 17 52
30 28 44
31 29 63
32 13 68
33 30 42
34 32 98
35 28 21
36 32 73
37 6 57
38 28 22
39 27 36
40 17 18
41 1 76
42 22 11
43 2 47
44 24 85
45 38 39
46 21 72
47 18 80
48 40 67
49 48 88
50 36 94
51 4 3
52 2 91
53 47 38
54 53 54
55 23 75
56 52 27
57 35 62
58 41 65
59 20 50
60 52 9
61 58 97
62 8 34
63 58 71
64 46 43
65 6 66
66 40 56
67 63 31
68 12 2
69 51 5
70 5 90
71 70 17
72 33 96
73 67 77
74 36 33
75 11 84
76 38 12
77 20 78
78 64 64
79 41 1
80 75 70
81 26 16
82 18 92
83 67 0
84 9 6
85 18 74
86 70 51
87 72 45
88 67 59
89 20 40
90 11 60
91 10 13
92 34 37
93 59 48
94 25 28
95 74 14
96 62 41
97 65 86
98 8 26
99 24 61
100 85 53
