500
2 1 225
3 1 459
4 3 369
5 1 392
6 2 96
7 2 452
8 7 115
9 3 137
10 1 458
11 4 18
12 5 84
13 5 78
14 9 210
15 12 377
16 14 368
17 2 47
18 8 7
19 8 268
20 15 376
21 17 156
22 15 54
23 19 211
24 19 223
25 9 29
26 20 191
27 11 91
28 23 385
29 17 121
30 9 10
31 25 431
32 9 229
33 23 356
34 23 307
35 13 361
36 17 405
37 15 327
38 25 353
39 32 480
40 6 52
41 19 402
42 33 123
43 19 46
44 10 354
45 27 167
46 8 244
47 20 170
48 29 309
49 20 67
50 44 364
51 47 185
52 42 49
53 28 320
54 22 182
55 7 438
56 9 434
57 4 337
58 18 429
59 24 208
60 9 117
61 50 444
62 55 271
63 61 48
64 49 326
65 17 113
66 2 60
67 31 371
68 62 127
69 60 26
70 31 109
71 44 381
72 46 388
73 69 100
74 35 246
75 51 282
76 32 181
77 17 34
78 6 219
79 26 4
80 71 258
81 79 494
82 21 311
83 10 44
84 16 478
85 31 187
86 52 318
87 29 66
88 60 257
89 18 325
90 11 142
91 8 336
92 72 189
93 47 338
94 78 374
95 32 400
96 6 287
97 17 73
98 45 372
99 22 61
100 67 278
101 30 305
102 80 380
103 58 32
104 37 462
105 18 248
106 98 159
107 76 235
108 102 291
109 33 0
110 99 86
111 6 262
112 73 479
113 86 240
114 61 473
115 97 224
116 67 42
117 86 238
118 50 308
119 76 89
120 29 276
121 101 476
122 44 70
123 96 179
124 11 92
125 100 313
126 109 358
127 118 312
128 69 64
129 75 76
130 16 151
131 22 427
132 13 407
133 79 412
134 48 20
135 103 454
136 21 359
137 107 292
138 13 490
139 35 295
140 45 269
141 92 3
142 81 188
143 64 19
144 40 348
145 78 456
146 72 194
147 105 284
148 4 274
149 142 483
150 136 252
151 36 397
152 93 196
153 28 103
154 47 467
155 131 389
156 55 139
157 104 186
158 86 387
159 105 409
160 1 245
161 92 256
162 44 489
163 77 138
164 124 197
165 138 306
166 165 492
167 159 488
168 128 192
169 80 102
170 133 149
171 75 264
172 149 160
173 67 345
174 64 343
175 73 6
176 167 215
177 61 128
178 136 296
179 167 177
180 170 33
181 160 11
182 133 176
183 139 468
184 62 150
185 123 393
186 41 413
187 74 277
188 11 481
189 175 105
190 117 330
191 73 95
192 33 217
193 153 228
194 142 145
195 64 442
196 140 24
197 119 82
198 49 158
199 90 50
200 13 471
201 61 227
202 174 37
203 196 370
204 76 303
205 192 331
206 152 498
207 92 75
208 88 497
209 49 80
210 86 152
211 157 419
212 162 465
213 42 317
214 37 443
215 107 157
216 101 202
217 167 450
218 73 439
219 37 220
220 19 101
221 71 234
222 191 31
223 191 77
224 101 190
225 77 93
226 33 321
227 54 30
228 45 130
229 225 72
230 200 486
231 92 174
232 220 45
233 222 323
234 73 173
235 103 416
236 224 21
237 104 436
238 205 422
239 205 283
240 232 125
241 185 175
242 191 470
243 158 241
244 185 236
245 217 155
246 204 391
247 17 147
248 49 57
249 141 366
250 147 357
251 246 302
252 149 351
253 151 390
254 241 272
255 227 206
256 180 484
257 79 9
258 186 161
259 83 230
260 186 116
261 77 329
262 145 104
263 1 250
264 130 408
265 222 316
266 113 363
267 259 1
268 232 453
269 40 463
270 205 171
271 85 425
272 89 466
273 6 301
274 76 297
275 18 136
276 273 120
277 129 112
278 45 124
279 183 335
280 190 162
281 27 39
282 156 214
283 99 398
284 15 424
285 30 418
286 203 428
287 284 265
288 227 426
289 251 27
290 115 204
291 86 247
292 210 195
293 236 198
294 40 342
295 175 166
296 237 401
297 88 340
298 174 469
299 178 99
300 250 209
301 113 135
302 271 43
303 272 28
304 56 90
305 102 251
306 8 332
307 216 414
308 100 59
309 269 322
310 90 16
311 177 35
312 268 122
313 252 36
314 138 294
315 139 58
316 58 440
317 32 15
318 212 111
319 268 108
320 34 430
321 158 22
322 116 472
323 119 23
324 16 126
325 36 154
326 214 293
327 185 133
328 21 239
329 123 233
330 8 423
331 119 333
332 191 324
333 25 255
334 222 310
335 99 396
336 29 249
337 309 457
338 287 285
339 258 168
340 250 437
341 275 17
342 180 375
343 247 378
344 93 394
345 16 172
346 286 334
347 132 140
348 94 97
349 215 213
350 100 165
351 291 420
352 165 344
353 113 347
354 242 163
355 200 491
356 329 212
357 281 379
358 31 146
359 166 98
360 331 40
361 186 260
362 315 62
363 343 203
364 176 485
365 39 87
366 293 178
367 134 349
368 115 415
369 304 74
370 185 88
371 11 487
372 119 493
373 125 382
374 108 153
375 303 81
376 217 41
377 90 299
378 185 25
379 149 129
380 182 319
381 4 5
382 105 207
383 267 232
384 78 216
385 47 475
386 112 71
387 281 237
388 329 411
389 353 417
390 302 447
391 287 441
392 190 266
393 69 350
394 100 68
395 164 433
396 325 435
397 266 328
398 363 346
399 330 404
400 219 410
401 194 290
402 254 275
403 377 132
404 100 205
405 5 226
406 300 183
407 218 482
408 390 184
409 262 365
410 48 169
411 161 263
412 288 200
413 274 222
414 45 63
415 414 474
416 136 118
417 352 273
418 359 94
419 340 131
420 131 13
421 241 360
422 316 148
423 340 449
424 400 304
425 90 193
426 34 259
427 420 300
428 90 119
429 128 460
430 304 279
431 152 455
432 97 243
433 96 231
434 352 141
435 213 107
436 210 446
437 429 253
438 99 83
439 415 221
440 406 352
441 267 477
442 336 288
443 167 180
444 247 399
445 23 55
446 332 280
447 103 448
448 123 421
449 320 164
450 368 383
451 216 395
452 283 362
453 105 267
454 160 106
455 189 85
456 20 461
457 72 464
458 68 199
459 57 314
460 190 38
461 112 69
462 41 134
463 398 53
464 351 367
465 393 403
466 278 315
467 405 8
468 333 218
469 285 242
470 253 261
471 357 341
472 104 406
473 448 143
474 247 286
475 176 51
476 33 384
477 198 355
478 129 270
479 470 339
480 472 110
481 323 496
482 33 114
483 439 2
484 114 289
485 311 254
486 13 386
487 429 495
488 217 451
489 432 65
490 231 373
491 266 281
492 44 14
493 352 298
494 63 56
495 83 12
496 126 201
497 471 432
498 75 79
499 65 144
500 266 445
